l	1	2
l	10	11
l	11	12
l	2	3
l	2	4
l	3	5
l	4	9
l	5	6
l	6	7
l	7	8
l	9	10
m	1	GlcNAc	56,342	78,342	78,364	56,364	56,342	67,353	22
m	10	GlcNAc	82,134	104,134	104,156	82,156	82,134	93,145	22
m	11	Gal	104,93	104,99	99,104	93,104	86,104	82,99	82,93	82,86	86,82	93,82	99,82	104,86	104,93	93,93	22
m	12	Gal	104,41	104,47	99,52	93,52	86,52	82,47	82,41	82,34	86,30	93,30	99,30	104,34	104,41	93,41	22
m	2	Gal	78,301	78,307	73,312	67,312	60,312	56,307	56,301	56,294	60,290	67,290	73,290	78,294	78,301	67,301	22
m	3	GlcNAc	30,238	52,238	52,260	30,260	30,238	41,249	22
m	4	GlcNAc	82,238	104,238	104,260	82,260	82,238	93,249	22
m	5	Gal	52,197	52,203	47,208	41,208	34,208	30,203	30,197	30,190	34,186	41,186	47,186	52,190	52,197	41,197	22
m	6	GlcNAc	30,134	52,134	52,156	30,156	30,134	41,145	22
m	7	Gal	52,93	52,99	47,104	41,104	34,104	30,99	30,93	30,86	34,82	41,82	47,82	52,86	52,93	41,93	22
m	8	Gal	52,41	52,47	47,52	41,52	34,52	30,47	30,41	30,34	34,30	41,30	47,30	52,34	52,41	41,41	22
m	9	Gal	104,197	104,203	99,208	93,208	86,208	82,203	82,197	82,190	86,186	93,186	99,186	104,190	104,197	93,197	22