0 0.5 0.8299492385786802 0.23880597014925373 0.2131979695431472
0 0.6940298507462687 0.3020304568527919 0.23880597014925373 0.2131979695431472
0 0.6940298507462687 0.1700507614213198 0.23880597014925373 0.2131979695431472
0 0.40298507462686567 0.6979695431472082 0.43283582089552236 0.2131979695431472
0 0.5970149253731343 0.6979695431472082 0.43283582089552236 0.2131979695431472
0 0.30597014925373134 0.565989847715736 0.23880597014925373 0.2131979695431472
0 0.6940298507462687 0.565989847715736 0.23880597014925373 0.2131979695431472
0 0.30597014925373134 0.434010152284264 0.23880597014925373 0.2131979695431472
0 0.30597014925373134 0.3020304568527919 0.23880597014925373 0.2131979695431472
0 0.30597014925373134 0.1700507614213198 0.23880597014925373 0.2131979695431472
0 0.6940298507462687 0.434010152284264 0.23880597014925373 0.2131979695431472
