l	1	2
l	11	13
l	2	3
l	3	4
l	3	5
l	4	6
l	5	11
l	5	12
l	6	7
l	7	8
l	8	9
l	9	10
m	1	GlcNAc	326,76	348,76	348,98	326,98	326,76	337,87	22
m	10	Glc	52,115	52,121	47,126	41,126	34,126	30,121	30,115	30,108	34,104	41,104	47,104	52,108	52,115	41,115	22
m	11	Man	200,78	200,84	195,89	189,89	182,89	178,84	178,78	178,71	182,67	189,67	195,67	200,71	200,78	189,78	22
m	12	Man	200,41	200,47	195,52	189,52	182,52	178,47	178,41	178,34	182,30	189,30	195,30	200,34	200,41	189,41	22
m	13	Man	163,78	163,84	158,89	152,89	145,89	141,84	141,78	141,71	145,67	152,67	158,67	163,71	163,78	152,78	22
m	2	GlcNAc	289,76	311,76	311,98	289,98	289,76	300,87	22
m	3	Man	274,87	274,93	269,98	263,98	256,98	252,93	252,87	252,80	256,76	263,76	269,76	274,80	274,87	263,87	22
m	4	Man	237,115	237,121	232,126	226,126	219,126	215,121	215,115	215,108	219,104	226,104	232,104	237,108	237,115	226,115	22
m	5	Man	237,59	237,65	232,70	226,70	219,70	215,65	215,59	215,52	219,48	226,48	232,48	237,52	237,59	226,59	22
m	6	Man	200,115	200,121	195,126	189,126	182,126	178,121	178,115	178,108	182,104	189,104	195,104	200,108	200,115	189,115	22
m	7	Man	163,115	163,121	158,126	152,126	145,126	141,121	141,115	141,108	145,104	152,104	158,104	163,108	163,115	152,115	22
m	8	Glc	126,115	126,121	121,126	115,126	108,126	104,121	104,115	104,108	108,104	115,104	121,104	126,108	126,115	115,115	22
m	9	Glc	89,115	89,121	84,126	78,126	71,126	67,121	67,115	67,108	71,104	78,104	84,104	89,108	89,115	78,115	22