0 0.8412698412698413 0.5576923076923077 0.18253968253968253 0.20512820512820512
0 0.4497354497354497 0.5 0.18253968253968253 0.20512820512820512
0 0.7433862433862434 0.5576923076923077 0.18253968253968253 0.20512820512820512
0 0.6455026455026455 0.6474358974358975 0.18253968253968253 0.38461538461538464
0 0.6455026455026455 0.46794871794871795 0.18253968253968253 0.38461538461538464
0 0.5476190476190477 0.7371794871794872 0.18253968253968253 0.20512820512820512
0 0.5476190476190477 0.4358974358974359 0.18253968253968253 0.3269230769230769
0 0.5476190476190477 0.32051282051282054 0.18253968253968253 0.32051282051282054
0 0.4497354497354497 0.7371794871794872 0.18253968253968253 0.20512820512820512
0 0.35185185185185186 0.7371794871794872 0.18253968253968253 0.20512820512820512
0 0.25396825396825395 0.7371794871794872 0.18253968253968253 0.20512820512820512
0 0.15608465608465608 0.7371794871794872 0.18253968253968253 0.20512820512820512
