l	2	3
l	3	4
l	3	5
l	4	6
l	5	8
l	5	9
l	6	7
l	8	10
m	10	Man	237,78	237,84	232,89	226,89	219,89	215,84	215,78	215,71	219,67	226,67	232,67	237,71	237,78	226,78	22
m	2	GlcNAc	67,57	89,57	89,79	67,79	67,57	78,68	22
m	3	Man	126,68	126,74	121,79	115,79	108,79	104,74	104,68	104,61	108,57	115,57	121,57	126,61	126,68	115,68	22
m	4	Man	163,41	163,47	158,52	152,52	145,52	141,47	141,41	141,34	145,30	152,30	158,30	163,34	163,41	152,41	22
m	5	Man	163,96	163,102	158,107	152,107	145,107	141,102	141,96	141,89	145,85	152,85	158,85	163,89	163,96	152,96	22
m	6	Man	200,41	200,47	195,52	189,52	182,52	178,47	178,41	178,34	182,30	189,30	195,30	200,34	200,41	189,41	22
m	7	Man	237,41	237,47	232,52	226,52	219,52	215,47	215,41	215,34	219,30	226,30	232,30	237,34	237,41	226,41	22
m	8	Man	200,78	200,84	195,89	189,89	182,89	178,84	178,78	178,71	182,67	189,67	195,67	200,71	200,78	189,78	22
m	9	Man	200,115	200,121	195,126	189,126	182,126	178,121	178,115	178,108	182,104	189,104	195,104	200,108	200,115	189,115	22