l	1	2
l	1	3
l	15	17
l	15	18
l	16	19
l	16	20
l	2	4
l	4	5
l	4	6
l	5	7
l	5	8
l	6	15
l	6	16
l	7	10
l	7	9
l	8	13
l	8	14
l	9	11
l	9	12
m	1	GlcNAc	238,342	260,342	260,364	238,364	238,342	249,353	22
m	10	Fuc	52,145	30,156	30,134	41,145	22
m	11	Fuc	52,93	30,104	30,82	41,93	22
m	12	GlcNAc	82,30	104,30	104,52	82,52	82,30	93,41	22
m	13	Gal	208,93	208,99	203,104	197,104	190,104	186,99	186,93	186,86	190,82	197,82	203,82	208,86	208,93	197,93	22
m	14	Fuc	156,145	134,156	134,134	145,145	22
m	15	GlcNAc	290,134	312,134	312,156	290,156	290,134	301,145	22
m	16	GlcNAc	394,134	416,134	416,156	394,156	394,134	405,145	22
m	17	Gal	312,93	312,99	307,104	301,104	294,104	290,99	290,93	290,86	294,82	301,82	307,82	312,86	312,93	301,93	22
m	18	Fuc	260,145	238,156	238,134	249,145	22
m	19	Gal	416,93	416,99	411,104	405,104	398,104	394,99	394,93	394,86	398,82	405,82	411,82	416,86	416,93	405,93	22
m	2	GlcNAc	238,290	260,290	260,312	238,312	238,290	249,301	22
m	20	Fuc	364,145	342,156	342,134	353,145	22
m	3	Fuc	290,353	312,364	312,342	301,353	22
m	4	Man	260,249	260,255	255,260	249,260	242,260	238,255	238,249	238,242	242,238	249,238	255,238	260,242	260,249	249,249	22
m	5	Man	156,197	156,203	151,208	145,208	138,208	134,203	134,197	134,190	138,186	145,186	151,186	156,190	156,197	145,197	22
m	6	Man	364,197	364,203	359,208	353,208	346,208	342,203	342,197	342,190	346,186	353,186	359,186	364,190	364,197	353,197	22
m	7	GlcNAc	82,134	104,134	104,156	82,156	82,134	93,145	22
m	8	GlcNAc	186,134	208,134	208,156	186,156	186,134	197,145	22
m	9	Gal	104,93	104,99	99,104	93,104	86,104	82,99	82,93	82,86	86,82	93,82	99,82	104,86	104,93	93,93	22