l	12	14
l	13	15
l	15	16
l	2	3
l	3	4
l	4	5
l	4	6
l	5	7
l	5	8
l	6	12
l	6	13
l	7	9
l	8	11
l	9	10
m	10	NeuAc	41,30	52,41	41,52	30,41	41,41	22
m	11	Gal	89,78	89,84	84,89	78,89	71,89	67,84	67,78	67,71	71,67	78,67	84,67	89,71	89,78	78,78	22
m	12	GlcNAc	104,104	126,104	126,126	104,126	104,104	115,115	22
m	13	GlcNAc	141,104	163,104	163,126	141,126	141,104	152,115	22
m	14	Gal	126,78	126,84	121,89	115,89	108,89	104,84	104,78	104,71	108,67	115,67	121,67	126,71	126,78	115,78	22
m	15	Gal	163,78	163,84	158,89	152,89	145,89	141,84	141,78	141,71	145,67	152,67	158,67	163,71	163,78	152,78	22
m	16	NeuAc	152,30	163,41	152,52	141,41	152,41	22
m	2	GlcNAc	85,252	107,252	107,274	85,274	85,252	96,263	22
m	3	GlcNAc	85,215	107,215	107,237	85,237	85,215	96,226	22
m	4	Man	107,189	107,195	102,200	96,200	89,200	85,195	85,189	85,182	89,178	96,178	102,178	107,182	107,189	96,189	22
m	5	Man	70,152	70,158	65,163	59,163	52,163	48,158	48,152	48,145	52,141	59,141	65,141	70,145	70,152	59,152	22
m	6	Man	144,152	144,158	139,163	133,163	126,163	122,158	122,152	122,145	126,141	133,141	139,141	144,145	144,152	133,152	22
m	7	GlcNAc	30,104	52,104	52,126	30,126	30,104	41,115	22
m	8	GlcNAc	67,104	89,104	89,126	67,126	67,104	78,115	22
m	9	Gal	52,78	52,84	47,89	41,89	34,89	30,84	30,78	30,71	34,67	41,67	47,67	52,71	52,78	41,78	22