l	1	2
l	11	13
l	12	14
l	2	3
l	3	4
l	3	5
l	4	6
l	5	11
l	5	12
l	6	7
l	7	8
l	8	9
l	9	10
m	1	GlcNAc	57,326	79,326	79,348	57,348	57,326	68,337	22
m	10	Glc	52,41	52,47	47,52	41,52	34,52	30,47	30,41	30,34	34,30	41,30	47,30	52,34	52,41	41,41	22
m	11	Man	89,189	89,195	84,200	78,200	71,200	67,195	67,189	67,182	71,178	78,178	84,178	89,182	89,189	78,189	22
m	12	Man	126,189	126,195	121,200	115,200	108,200	104,195	104,189	104,182	108,178	115,178	121,178	126,182	126,189	115,189	22
m	13	Man	89,152	89,158	84,163	78,163	71,163	67,158	67,152	67,145	71,141	78,141	84,141	89,145	89,152	78,152	22
m	14	Man	126,152	126,158	121,163	115,163	108,163	104,158	104,152	104,145	108,141	115,141	121,141	126,145	126,152	115,152	22
m	2	GlcNAc	57,289	79,289	79,311	57,311	57,289	68,300	22
m	3	Man	79,263	79,269	74,274	68,274	61,274	57,269	57,263	57,256	61,252	68,252	74,252	79,256	79,263	68,263	22
m	4	Man	52,226	52,232	47,237	41,237	34,237	30,232	30,226	30,219	34,215	41,215	47,215	52,219	52,226	41,226	22
m	5	Man	107,226	107,232	102,237	96,237	89,237	85,232	85,226	85,219	89,215	96,215	102,215	107,219	107,226	96,226	22
m	6	Man	52,189	52,195	47,200	41,200	34,200	30,195	30,189	30,182	34,178	41,178	47,178	52,182	52,189	41,189	22
m	7	Man	52,152	52,158	47,163	41,163	34,163	30,158	30,152	30,145	34,141	41,141	47,141	52,145	52,152	41,152	22
m	8	Glc	52,115	52,121	47,126	41,126	34,126	30,121	30,115	30,108	34,104	41,104	47,104	52,108	52,115	41,115	22
m	9	Glc	52,78	52,84	47,89	41,89	34,89	30,84	30,78	30,71	34,67	41,67	47,67	52,71	52,78	41,78	22