0 0.4358974358974359 0.8412698412698413 0.20512820512820512 0.18253968253968253
0 0.5 0.4497354497354497 0.20512820512820512 0.18253968253968253
0 0.7371794871794872 0.4497354497354497 0.20512820512820512 0.18253968253968253
0 0.4358974358974359 0.7433862433862434 0.20512820512820512 0.18253968253968253
0 0.34615384615384615 0.6455026455026455 0.3782051282051282 0.18253968253968253
0 0.5256410256410257 0.6455026455026455 0.38461538461538464 0.18253968253968253
0 0.26282051282051283 0.5476190476190477 0.20512820512820512 0.18253968253968253
0 0.5576923076923077 0.5476190476190477 0.32051282051282054 0.18253968253968253
0 0.6730769230769231 0.5476190476190477 0.3269230769230769 0.18253968253968253
0 0.26282051282051283 0.4497354497354497 0.20512820512820512 0.18253968253968253
0 0.26282051282051283 0.35185185185185186 0.20512820512820512 0.18253968253968253
0 0.26282051282051283 0.25396825396825395 0.20512820512820512 0.18253968253968253
0 0.26282051282051283 0.15608465608465608 0.20512820512820512 0.18253968253968253
