l	1	2
l	1	3
l	2	4
l	4	5
l	5	6
l	5	7
m	1	GalNAc	82,238	104,238	104,260	82,260	82,238	93,249	22
m	2	Gal	78,197	78,203	73,208	67,208	60,208	56,203	56,197	56,190	60,186	67,186	73,186	78,190	78,197	67,197	22
m	3	NeuAc	119,186	130,197	119,208	108,197	119,197	22
m	4	Gal	78,145	78,151	73,156	67,156	60,156	56,151	56,145	56,138	60,134	67,134	73,134	78,138	78,145	67,145	22
m	5	GalNAc	56,82	78,82	78,104	56,104	56,82	67,93	22
m	6	GalNAc	30,30	52,30	52,52	30,52	30,30	41,41	22
m	7	NeuAc	93,30	104,41	93,52	82,41	93,41	22