l	1	2
l	1	3
l	2	4
l	4	5
l	4	6
l	4	7
l	5	8
l	7	9
m	1	GlcNAc	67,178	89,178	89,200	67,200	67,178	78,189	22
m	2	GlcNAc	67,141	89,141	89,163	67,163	67,141	78,152	22
m	3	Fuc	104,189	126,200	126,178	115,189	22
m	4	Man	89,115	89,121	84,126	78,126	71,126	67,121	67,115	67,108	71,104	78,104	84,104	89,108	89,115	78,115	22
m	5	Man	52,78	52,84	47,89	41,89	34,89	30,84	30,78	30,71	34,67	41,67	47,67	52,71	52,78	41,78	22
m	6	GlcNAc	67,67	89,67	89,89	67,89	67,67	78,78	22
m	7	Man	126,78	126,84	121,89	115,89	108,89	104,84	104,78	104,71	108,67	115,67	121,67	126,71	126,78	115,78	22
m	8	GlcNAc	30,30	52,30	52,52	30,52	30,30	41,41	22
m	9	GlcNAc	104,30	126,30	126,52	104,52	104,30	115,41	22