l	10	11
l	12	13
l	14	16
l	15	18
l	16	17
l	18	19
l	19	20
l	2	3
l	2	4
l	20	21
l	3	5
l	5	6
l	5	7
l	6	8
l	6	9
l	7	14
l	7	15
l	8	10
l	9	12
m	10	Gal	163,263	163,269	158,274	152,274	145,274	141,269	141,263	141,256	145,252	152,252	158,252	163,256	163,263	152,263	22
m	11	NeuAc	152,289	163,300	152,311	141,300	152,300	22
m	12	Gal	126,263	126,269	121,274	115,274	108,274	104,269	104,263	104,256	108,252	115,252	121,252	126,256	126,263	115,263	22
m	13	NeuAc	115,289	126,300	115,311	104,300	115,300	22
m	14	GlcNAc	67,215	89,215	89,237	67,237	67,215	78,226	22
m	15	GlcNAc	30,215	52,215	52,237	30,237	30,215	41,226	22
m	16	Gal	89,263	89,269	84,274	78,274	71,274	67,269	67,263	67,256	71,252	78,252	84,252	89,256	89,263	78,263	22
m	17	NeuAc	78,289	89,300	78,311	67,300	78,300	22
m	18	Gal	52,263	52,269	47,274	41,274	34,274	30,269	30,263	30,256	34,252	41,252	47,252	52,256	52,263	41,263	22
m	19	GlcNAc	30,289	52,289	52,311	30,311	30,289	41,300	22
m	2	GlcNAc	85,67	107,67	107,89	85,89	85,67	96,78	22
m	20	Gal	52,337	52,343	47,348	41,348	34,348	30,343	30,337	30,330	34,326	41,326	47,326	52,330	52,337	41,337	22
m	21	NeuAc	41,363	52,374	41,385	30,374	41,374	22
m	3	GlcNAc	85,104	107,104	107,126	85,126	85,104	96,115	22
m	4	Fuc	70,78	48,89	48,67	59,78	22
m	5	Man	107,152	107,158	102,163	96,163	89,163	85,158	85,152	85,145	89,141	96,141	102,141	107,145	107,152	96,152	22
m	6	Man	144,189	144,195	139,200	133,200	126,200	122,195	122,189	122,182	126,178	133,178	139,178	144,182	144,189	133,189	22
m	7	Man	70,189	70,195	65,200	59,200	52,200	48,195	48,189	48,182	52,178	59,178	65,178	70,182	70,189	59,189	22
m	8	GlcNAc	141,215	163,215	163,237	141,237	141,215	152,226	22
m	9	GlcNAc	104,215	126,215	126,237	104,237	104,215	115,226	22