0 0.42231075697211157 0.6979695431472082 0.12749003984063745 0.2131979695431472
0 0.2151394422310757 0.6979695431472082 0.12749003984063745 0.2131979695431472
0 0.5776892430278885 0.3020304568527919 0.12749003984063745 0.2131979695431472
0 0.47410358565737054 0.23604060913705585 0.3346613545816733 0.08121827411167512
0 0.7051792828685259 0.434010152284264 0.38645418326693226 0.2131979695431472
0 0.44621513944223107 0.434010152284264 0.38645418326693226 0.2131979695431472
0 0.26693227091633465 0.23604060913705585 0.3346613545816733 0.08121827411167512
0 0.8366533864541833 0.565989847715736 0.12749003984063745 0.2131979695431472
0 0.3705179282868526 0.565989847715736 0.23107569721115537 0.2131979695431472
0 0.26693227091633465 0.565989847715736 0.23107569721115537 0.2131979695431472
0 0.8366533864541833 0.6979695431472082 0.12749003984063745 0.2131979695431472
0 0.7330677290836654 0.631979695431472 0.3346613545816733 0.08121827411167512
0 0.8366533864541833 0.8299492385786802 0.12749003984063745 0.2131979695431472
