l	11	13
l	12	14
l	2	3
l	2	4
l	3	5
l	3	6
l	4	15
l	5	7
l	6	11
l	6	12
l	7	8
l	7	9
l	8	10
m	10	NeuAc	210,342	221,353	210,364	199,353	210,353	22
m	11	GlcNAc	95,238	117,238	117,260	95,260	95,238	106,249	22
m	12	GlcNAc	43,238	65,238	65,260	43,260	43,238	54,249	22
m	13	Gal	117,301	117,307	112,312	106,312	99,312	95,307	95,301	95,294	99,290	106,290	112,290	117,294	117,301	106,301	22
m	14	Gal	65,301	65,307	60,312	54,312	47,312	43,307	43,301	43,294	47,290	54,290	60,290	65,294	65,301	54,301	22
m	15	Fuc	30,93	52,104	52,82	41,93	22
m	2	GlcNAc	134,82	156,82	156,104	134,104	134,82	145,93	22
m	3	Man	156,145	156,151	151,156	145,156	138,156	134,151	134,145	134,138	138,134	145,134	151,134	156,138	156,145	145,145	22
m	4	Fuc	82,93	104,104	104,82	93,93	22
m	5	Man	221,197	221,203	216,208	210,208	203,208	199,203	199,197	199,190	203,186	210,186	216,186	221,190	221,197	210,197	22
m	6	Man	91,197	91,203	86,208	80,208	73,208	69,203	69,197	69,190	73,186	80,186	86,186	91,190	91,197	80,197	22
m	7	GalNAc	199,238	221,238	221,260	199,260	199,238	210,249	22
m	8	Gal	221,301	221,307	216,312	210,312	203,312	199,307	199,301	199,294	203,290	210,290	216,290	221,294	221,301	210,301	22
m	9	Fuc	147,249	169,260	169,238	158,249	22