l	2	3
l	3	4
l	4	5
l	4	6
l	5	7
l	6	10
l	7	8
l	8	9
m	10	Man	237,78	237,84	232,89	226,89	219,89	215,84	215,78	215,71	219,67	226,67	232,67	237,71	237,78	226,78	22
m	2	GlcNAc	67,48	89,48	89,70	67,70	67,48	78,59	22
m	3	GlcNAc	104,48	126,48	126,70	104,70	104,48	115,59	22
m	4	Man	163,59	163,65	158,70	152,70	145,70	141,65	141,59	141,52	145,48	152,48	158,48	163,52	163,59	152,59	22
m	5	Man	200,41	200,47	195,52	189,52	182,52	178,47	178,41	178,34	182,30	189,30	195,30	200,34	200,41	189,41	22
m	6	Man	200,78	200,84	195,89	189,89	182,89	178,84	178,78	178,71	182,67	189,67	195,67	200,71	200,78	189,78	22
m	7	Man	237,41	237,47	232,52	226,52	219,52	215,47	215,41	215,34	219,30	226,30	232,30	237,34	237,41	226,41	22
m	8	Man	274,41	274,47	269,52	263,52	256,52	252,47	252,41	252,34	256,30	263,30	269,30	274,34	274,41	263,41	22
m	9	Glc	311,41	311,47	306,52	300,52	293,52	289,47	289,41	289,34	293,30	300,30	306,30	311,34	311,41	300,41	22