l	1	2
l	10	11
l	12	15
l	13	16
l	14	17
l	17	18
l	2	3
l	3	4
l	3	5
l	4	6
l	4	7
l	5	12
l	5	13
l	5	14
l	6	8
l	7	10
l	8	9
m	1	GlcNAc	121,342	143,342	143,364	121,364	121,342	132,353	22
m	10	Gal	104,93	104,99	99,104	93,104	86,104	82,99	82,93	82,86	86,82	93,82	99,82	104,86	104,93	93,93	22
m	11	Gal	104,41	104,47	99,52	93,52	86,52	82,47	82,41	82,34	86,30	93,30	99,30	104,34	104,41	93,41	22
m	12	GlcNAc	134,134	156,134	156,156	134,156	134,134	145,145	22
m	13	GlcNAc	186,134	208,134	208,156	186,156	186,134	197,145	22
m	14	GlcNAc	238,134	260,134	260,156	238,156	238,134	249,145	22
m	15	Gal	156,93	156,99	151,104	145,104	138,104	134,99	134,93	134,86	138,82	145,82	151,82	156,86	156,93	145,93	22
m	16	Gal	208,93	208,99	203,104	197,104	190,104	186,99	186,93	186,86	190,82	197,82	203,82	208,86	208,93	197,93	22
m	17	Gal	260,93	260,99	255,104	249,104	242,104	238,99	238,93	238,86	242,82	249,82	255,82	260,86	260,93	249,93	22
m	18	NeuAc	249,30	260,41	249,52	238,41	249,41	22
m	2	GlcNAc	121,290	143,290	143,312	121,312	121,290	132,301	22
m	3	Man	143,249	143,255	138,260	132,260	125,260	121,255	121,249	121,242	125,238	132,238	138,238	143,242	143,249	132,249	22
m	4	Man	78,197	78,203	73,208	67,208	60,208	56,203	56,197	56,190	60,186	67,186	73,186	78,190	78,197	67,197	22
m	5	Man	208,197	208,203	203,208	197,208	190,208	186,203	186,197	186,190	190,186	197,186	203,186	208,190	208,197	197,197	22
m	6	GlcNAc	30,134	52,134	52,156	30,156	30,134	41,145	22
m	7	GlcNAc	82,134	104,134	104,156	82,156	82,134	93,145	22
m	8	Gal	52,93	52,99	47,104	41,104	34,104	30,99	30,93	30,86	34,82	41,82	47,82	52,86	52,93	41,93	22
m	9	Gal	52,41	52,47	47,52	41,52	34,52	30,47	30,41	30,34	34,30	41,30	47,30	52,34	52,41	41,41	22