l	1	2
l	1	3
l	10	11
l	2	4
l	4	5
l	4	6
l	5	7
l	6	10
l	7	8
l	8	9
m	1	GlcNAc	82,290	104,290	104,312	82,312	82,290	93,301	22
m	10	GlcNAc	134,82	156,82	156,104	134,104	134,82	145,93	22
m	11	Gal	156,41	156,47	151,52	145,52	138,52	134,47	134,41	134,34	138,30	145,30	151,30	156,34	156,41	145,41	22
m	2	GlcNAc	82,238	104,238	104,260	82,260	82,238	93,249	22
m	3	Fuc	134,301	156,312	156,290	145,301	22
m	4	Man	104,197	104,203	99,208	93,208	86,208	82,203	82,197	82,190	86,186	93,186	99,186	104,190	104,197	93,197	22
m	5	Man	52,145	52,151	47,156	41,156	34,156	30,151	30,145	30,138	34,134	41,134	47,134	52,138	52,145	41,145	22
m	6	Man	156,145	156,151	151,156	145,156	138,156	134,151	134,145	134,138	138,134	145,134	151,134	156,138	156,145	145,145	22
m	7	GlcNAc	30,82	52,82	52,104	30,104	30,82	41,93	22
m	8	Gal	52,41	52,47	47,52	41,52	34,52	30,47	30,41	30,34	34,30	41,30	47,30	52,34	52,41	41,41	22
m	9	Fuc	82,41	104,52	104,30	93,41	22