0 0.5 0.804093567251462 0.17204301075268819 0.24561403508771928
0 0.6397849462365591 0.8801169590643275 0.45161290322580644 0.0935672514619883
0 0.7795698924731183 0.195906432748538 0.17204301075268819 0.24561403508771928
0 0.5 0.652046783625731 0.17204301075268819 0.24561403508771928
0 0.3602150537634409 0.5 0.45161290322580644 0.24561403508771928
0 0.6397849462365591 0.5 0.45161290322580644 0.24561403508771928
0 0.22043010752688172 0.347953216374269 0.17204301075268819 0.24561403508771928
0 0.7795698924731183 0.347953216374269 0.17204301075268819 0.24561403508771928
0 0.22043010752688172 0.195906432748538 0.17204301075268819 0.24561403508771928
0 0.3602150537634409 0.11988304093567251 0.45161290322580644 0.0935672514619883
