l	1	2
l	10	12
l	11	13
l	13	14
l	14	15
l	2	3
l	3	4
l	3	5
l	4	6
l	4	7
l	5	10
l	5	11
l	6	8
l	7	9
m	1	GlcNAc	85,289	107,289	107,311	85,311	85,289	96,300	22
m	10	GlcNAc	104,141	126,141	126,163	104,163	104,141	115,152	22
m	11	GlcNAc	141,141	163,141	163,163	141,163	141,141	152,152	22
m	12	Gal	126,115	126,121	121,126	115,126	108,126	104,121	104,115	104,108	108,104	115,104	121,104	126,108	126,115	115,115	22
m	13	Gal	163,115	163,121	158,126	152,126	145,126	141,121	141,115	141,108	145,104	152,104	158,104	163,108	163,115	152,115	22
m	14	GlcNAc	141,67	163,67	163,89	141,89	141,67	152,78	22
m	15	Gal	163,41	163,47	158,52	152,52	145,52	141,47	141,41	141,34	145,30	152,30	158,30	163,34	163,41	152,41	22
m	2	GlcNAc	85,252	107,252	107,274	85,274	85,252	96,263	22
m	3	Man	107,226	107,232	102,237	96,237	89,237	85,232	85,226	85,219	89,215	96,215	102,215	107,219	107,226	96,226	22
m	4	Man	70,189	70,195	65,200	59,200	52,200	48,195	48,189	48,182	52,178	59,178	65,178	70,182	70,189	59,189	22
m	5	Man	144,189	144,195	139,200	133,200	126,200	122,195	122,189	122,182	126,178	133,178	139,178	144,182	144,189	133,189	22
m	6	GlcNAc	30,141	52,141	52,163	30,163	30,141	41,152	22
m	7	GlcNAc	67,141	89,141	89,163	67,163	67,141	78,152	22
m	8	Gal	52,115	52,121	47,126	41,126	34,126	30,121	30,115	30,108	34,104	41,104	47,104	52,108	52,115	41,115	22
m	9	Gal	89,115	89,121	84,126	78,126	71,126	67,121	67,115	67,108	71,104	78,104	84,104	89,108	89,115	78,115	22