0 0.49740932642487046 0.8240469208211144 0.16580310880829016 0.20234604105571846
0 0.5958549222797928 0.39002932551319647 0.16580310880829016 0.20234604105571846
0 0.7875647668393783 0.39002932551319647 0.16580310880829016 0.20234604105571846
0 0.7875647668393783 0.28152492668621704 0.16580310880829016 0.20234604105571846
0 0.7875647668393783 0.17302052785923755 0.16580310880829016 0.20234604105571846
0 0.49740932642487046 0.7155425219941349 0.16580310880829016 0.20234604105571846
0 0.39896373056994816 0.6070381231671554 0.35751295336787564 0.20234604105571846
0 0.5906735751295337 0.6070381231671554 0.35751295336787564 0.20234604105571846
0 0.25906735751295334 0.49853372434017595 0.25906735751295334 0.20234604105571846
0 0.35233160621761656 0.49853372434017595 0.26424870466321243 0.20234604105571846
0 0.6424870466321243 0.49853372434017595 0.25906735751295334 0.20234604105571846
0 0.7357512953367875 0.49853372434017595 0.26424870466321243 0.20234604105571846
0 0.21243523316062177 0.39002932551319647 0.16580310880829016 0.20234604105571846
0 0.40414507772020725 0.39002932551319647 0.16580310880829016 0.20234604105571846
