0 0.45652173913043476 0.8240469208211144 0.1391304347826087 0.20234604105571846
0 0.5 0.39002932551319647 0.1391304347826087 0.20234604105571846
0 0.5782608695652174 0.44574780058651026 0.3 0.093841642228739
0 0.8217391304347826 0.39002932551319647 0.1391304347826087 0.20234604105571846
0 0.5 0.28152492668621704 0.1391304347826087 0.20234604105571846
0 0.45652173913043476 0.7155425219941349 0.1391304347826087 0.20234604105571846
0 0.3565217391304348 0.6070381231671554 0.3391304347826087 0.20234604105571846
0 0.5565217391304348 0.6070381231671554 0.34347826086956523 0.20234604105571846
0 0.21739130434782608 0.49853372434017595 0.21739130434782608 0.20234604105571846
0 0.2956521739130435 0.49853372434017595 0.2217391304347826 0.20234604105571846
0 0.5782608695652174 0.49853372434017595 0.3 0.20234604105571846
0 0.7391304347826086 0.49853372434017595 0.3 0.20234604105571846
0 0.1782608695652174 0.39002932551319647 0.1391304347826087 0.20234604105571846
0 0.3391304347826087 0.39002932551319647 0.1391304347826087 0.20234604105571846
0 0.1782608695652174 0.28152492668621704 0.1391304347826087 0.20234604105571846
0 0.1782608695652174 0.17302052785923755 0.1391304347826087 0.20234604105571846
