l	1	2
l	12	14
l	12	15
l	13	17
l	14	16
l	2	3
l	3	4
l	3	5
l	4	6
l	4	7
l	5	12
l	5	13
l	6	8
l	7	11
l	8	9
l	9	10
m	1	GlcNAc	94,289	116,289	116,311	94,311	94,289	105,300	22
m	10	Gal	52,41	52,47	47,52	41,52	34,52	30,47	30,41	30,34	34,30	41,30	47,30	52,34	52,41	41,41	22
m	11	Gal	89,115	89,121	84,126	78,126	71,126	67,121	67,115	67,108	71,104	78,104	84,104	89,108	89,115	78,115	22
m	12	GlcNAc	104,141	126,141	126,163	104,163	104,141	115,152	22
m	13	GlcNAc	178,141	200,141	200,163	178,163	178,141	189,152	22
m	14	Gal	126,115	126,121	121,126	115,126	108,126	104,121	104,115	104,108	108,104	115,104	121,104	126,108	126,115	115,115	22
m	15	Fuc	141,152	163,163	163,141	152,152	22
m	16	NeuAc	115,67	126,78	115,89	104,78	115,78	22
m	17	Gal	200,115	200,121	195,126	189,126	182,126	178,121	178,115	178,108	182,104	189,104	195,104	200,108	200,115	189,115	22
m	2	GlcNAc	94,252	116,252	116,274	94,274	94,252	105,263	22
m	3	Man	116,226	116,232	111,237	105,237	98,237	94,232	94,226	94,219	98,215	105,215	111,215	116,219	116,226	105,226	22
m	4	Man	70,189	70,195	65,200	59,200	52,200	48,195	48,189	48,182	52,178	59,178	65,178	70,182	70,189	59,189	22
m	5	Man	163,189	163,195	158,200	152,200	145,200	141,195	141,189	141,182	145,178	152,178	158,178	163,182	163,189	152,189	22
m	6	GlcNAc	30,141	52,141	52,163	30,163	30,141	41,152	22
m	7	GlcNAc	67,141	89,141	89,163	67,163	67,141	78,152	22
m	8	Gal	52,115	52,121	47,126	41,126	34,126	30,121	30,115	30,108	34,104	41,104	47,104	52,108	52,115	41,115	22
m	9	GlcNAc	30,67	52,67	52,89	30,89	30,67	41,78	22