l	10	23
l	11	12
l	11	13
l	12	14
l	13	21
l	14	15
l	14	16
l	15	17
l	16	19
l	17	18
l	19	20
l	2	3
l	21	22
l	23	24
l	25	26
l	3	4
l	4	5
l	5	6
l	5	7
l	6	8
l	7	25
l	8	10
l	8	9
l	9	11
m	10	GlcNAc	67,289	89,289	89,311	67,311	67,289	78,300	22
m	11	Gal	153,337	153,343	148,348	142,348	135,348	131,343	131,337	131,330	135,326	142,326	148,326	153,330	153,337	142,337	22
m	12	GlcNAc	159,363	181,363	181,385	159,385	159,363	170,374	22
m	13	GlcNAc	104,363	126,363	126,385	104,385	104,363	115,374	22
m	14	Gal	181,411	181,417	176,422	170,422	163,422	159,417	159,411	159,404	163,400	170,400	176,400	181,404	181,411	170,411	22
m	15	GlcNAc	178,437	200,437	200,459	178,459	178,437	189,448	22
m	16	GlcNAc	141,437	163,437	163,459	141,459	141,437	152,448	22
m	17	Gal	200,485	200,491	195,496	189,496	182,496	178,491	178,485	178,478	182,474	189,474	195,474	200,478	200,485	189,485	22
m	18	Gal	200,522	200,528	195,533	189,533	182,533	178,528	178,522	178,515	182,511	189,511	195,511	200,515	200,522	189,522	22
m	19	Gal	163,485	163,491	158,496	152,496	145,496	141,491	141,485	141,478	145,474	152,474	158,474	163,478	163,485	152,485	22
m	2	Glc	86,78	86,84	81,89	75,89	68,89	64,84	64,78	64,71	68,67	75,67	81,67	86,71	86,78	75,78	22
m	20	Gal	163,522	163,528	158,533	152,533	145,533	141,528	141,522	141,515	145,511	152,511	158,511	163,515	163,522	152,522	22
m	21	Gal	126,411	126,417	121,422	115,422	108,422	104,417	104,411	104,404	108,400	115,400	121,400	126,404	126,411	115,411	22
m	22	Gal	126,448	126,454	121,459	115,459	108,459	104,454	104,448	104,441	108,437	115,437	121,437	126,441	126,448	115,448	22
m	23	Gal	89,337	89,343	84,348	78,348	71,348	67,343	67,337	67,330	71,326	78,326	84,326	89,330	89,337	78,337	22
m	24	Gal	89,374	89,380	84,385	78,385	71,385	67,380	67,374	67,367	71,363	78,363	84,363	89,367	89,374	78,374	22
m	25	Gal	52,263	52,269	47,274	41,274	34,274	30,269	30,263	30,256	34,252	41,252	47,252	52,256	52,263	41,263	22
m	26	Gal	52,300	52,306	47,311	41,311	34,311	30,306	30,300	30,293	34,289	41,289	47,289	52,293	52,300	41,300	22
m	3	Gal	86,115	86,121	81,126	75,126	68,126	64,121	64,115	64,108	68,104	75,104	81,104	86,108	86,115	75,115	22
m	4	GlcNAc	64,141	86,141	86,163	64,163	64,141	75,152	22
m	5	Gal	86,189	86,195	81,200	75,200	68,200	64,195	64,189	64,182	68,178	75,178	81,178	86,182	86,189	75,189	22
m	6	GlcNAc	99,215	121,215	121,237	99,237	99,215	110,226	22
m	7	GlcNAc	30,215	52,215	52,237	30,237	30,215	41,226	22
m	8	Gal	121,263	121,269	116,274	110,274	103,274	99,269	99,263	99,256	103,252	110,252	116,252	121,256	121,263	110,263	22
m	9	GlcNAc	131,289	153,289	153,311	131,311	131,289	142,300	22