0 0.3391304347826087 0.5648312611012434 0.1391304347826087 0.12255772646536411
0 0.6782608695652174 0.6305506216696269 0.2608695652173913 0.12255772646536411
0 0.5565217391304348 0.6305506216696269 0.2565217391304348 0.12255772646536411
0 0.7391304347826086 0.6962699822380106 0.1391304347826087 0.12255772646536411
0 0.5 0.6962699822380106 0.1391304347826087 0.12255772646536411
0 0.7782608695652173 0.7619893428063943 0.2217391304347826 0.12255772646536411
0 0.7 0.7619893428063943 0.21739130434782608 0.12255772646536411
0 0.8217391304347826 0.827708703374778 0.1391304347826087 0.12255772646536411
0 0.6608695652173913 0.827708703374778 0.1391304347826087 0.12255772646536411
0 0.8217391304347826 0.8934280639431617 0.1391304347826087 0.12255772646536411
0 0.6608695652173913 0.8934280639431617 0.1391304347826087 0.12255772646536411
0 0.32608695652173914 0.1705150976909414 0.1391304347826087 0.12255772646536411
0 0.5 0.7619893428063943 0.1391304347826087 0.12255772646536411
0 0.3391304347826087 0.6305506216696269 0.1391304347826087 0.12255772646536411
0 0.1782608695652174 0.4991119005328597 0.1391304347826087 0.12255772646536411
0 0.32608695652173914 0.23623445825932504 0.1391304347826087 0.12255772646536411
0 0.32608695652173914 0.3019538188277087 0.1391304347826087 0.12255772646536411
0 0.4 0.36767317939609234 0.29130434782608694 0.12255772646536411
0 0.25217391304347825 0.36767317939609234 0.28695652173913044 0.12255772646536411
0 0.4782608695652174 0.433392539964476 0.1391304347826087 0.12255772646536411
0 0.1782608695652174 0.433392539964476 0.1391304347826087 0.12255772646536411
0 0.40869565217391307 0.4991119005328597 0.2782608695652174 0.12255772646536411
0 0.5478260869565217 0.4991119005328597 0.2782608695652174 0.12255772646536411
0 0.6173913043478261 0.5648312611012434 0.1391304347826087 0.12255772646536411
