l	1	2
l	10	11
l	12	13
l	12	14
l	13	15
l	14	17
l	15	16
l	17	18
l	2	3
l	2	4
l	3	5
l	4	12
l	5	6
l	5	7
l	6	8
l	7	10
l	8	9
m	1	GlcNAc	252,85	274,85	274,107	252,107	252,85	263,96	22
m	10	Gal	89,115	89,121	84,126	78,126	71,126	67,121	67,115	67,108	71,104	78,104	84,104	89,108	89,115	78,115	22
m	11	GlcNAc	30,104	52,104	52,126	30,126	30,104	41,115	22
m	12	Gal	163,59	163,65	158,70	152,70	145,70	141,65	141,59	141,52	145,48	152,48	158,48	163,52	163,59	152,59	22
m	13	GlcNAc	104,67	126,67	126,89	104,89	104,67	115,78	22
m	14	GlcNAc	104,30	126,30	126,52	104,52	104,30	115,41	22
m	15	Gal	89,78	89,84	84,89	78,89	71,89	67,84	67,78	67,71	71,67	78,67	84,67	89,71	89,78	78,78	22
m	16	GlcNAc	30,67	52,67	52,89	30,89	30,67	41,78	22
m	17	Gal	89,41	89,47	84,52	78,52	71,52	67,47	67,41	67,34	71,30	78,30	84,30	89,34	89,41	78,41	22
m	18	GlcNAc	30,30	52,30	52,52	30,52	30,30	41,41	22
m	2	Gal	237,96	237,102	232,107	226,107	219,107	215,102	215,96	215,89	219,85	226,85	232,85	237,89	237,96	226,96	22
m	3	GlcNAc	178,122	200,122	200,144	178,144	178,122	189,133	22
m	4	GlcNAc	178,48	200,48	200,70	178,70	178,48	189,59	22
m	5	Gal	163,133	163,139	158,144	152,144	145,144	141,139	141,133	141,126	145,122	152,122	158,122	163,126	163,133	152,133	22
m	6	GlcNAc	104,141	126,141	126,163	104,163	104,141	115,152	22
m	7	GlcNAc	104,104	126,104	126,126	104,126	104,104	115,115	22
m	8	Gal	89,152	89,158	84,163	78,163	71,163	67,158	67,152	67,145	71,141	78,141	84,141	89,145	89,152	78,152	22
m	9	GlcNAc	30,141	52,141	52,163	30,163	30,141	41,152	22