0 0.8026315789473685 0.49740932642487046 0.22697368421052633 0.16580310880829016
0 0.19407894736842105 0.5958549222797928 0.22697368421052633 0.16580310880829016
0 0.4375 0.35233160621761656 0.22697368421052633 0.26424870466321243
0 0.4375 0.25906735751295334 0.22697368421052633 0.25906735751295334
0 0.3157894736842105 0.40414507772020725 0.22697368421052633 0.16580310880829016
0 0.3157894736842105 0.21243523316062177 0.22697368421052633 0.16580310880829016
0 0.19407894736842105 0.40414507772020725 0.22697368421052633 0.16580310880829016
0 0.19407894736842105 0.21243523316062177 0.22697368421052633 0.16580310880829016
0 0.680921052631579 0.5906735751295337 0.22697368421052633 0.35751295336787564
0 0.680921052631579 0.39896373056994816 0.22697368421052633 0.35751295336787564
0 0.5592105263157895 0.689119170984456 0.22697368421052633 0.16580310880829016
0 0.5592105263157895 0.30569948186528495 0.22697368421052633 0.16580310880829016
0 0.4375 0.7357512953367875 0.22697368421052633 0.26424870466321243
0 0.4375 0.6424870466321243 0.22697368421052633 0.25906735751295334
0 0.3157894736842105 0.7875647668393783 0.22697368421052633 0.16580310880829016
0 0.3157894736842105 0.5958549222797928 0.22697368421052633 0.16580310880829016
0 0.19407894736842105 0.7875647668393783 0.22697368421052633 0.16580310880829016
