l	1	2
l	11	13
l	12	14
l	2	3
l	3	4
l	3	5
l	4	6
l	5	11
l	5	12
l	6	7
l	7	8
l	8	9
l	9	10
m	1	GlcNAc	69,446	91,446	91,468	69,468	69,446	80,457	22
m	10	Glc	52,41	52,47	47,52	41,52	34,52	30,47	30,41	30,34	34,30	41,30	47,30	52,34	52,41	41,41	22
m	11	Man	104,249	104,255	99,260	93,260	86,260	82,255	82,249	82,242	86,238	93,238	99,238	104,242	104,249	93,249	22
m	12	Man	156,249	156,255	151,260	145,260	138,260	134,255	134,249	134,242	138,238	145,238	151,238	156,242	156,249	145,249	22
m	13	Man	104,197	104,203	99,208	93,208	86,208	82,203	82,197	82,190	86,186	93,186	99,186	104,190	104,197	93,197	22
m	14	Man	156,197	156,203	151,208	145,208	138,208	134,203	134,197	134,190	138,186	145,186	151,186	156,190	156,197	145,197	22
m	2	GlcNAc	69,394	91,394	91,416	69,416	69,394	80,405	22
m	3	Man	91,353	91,359	86,364	80,364	73,364	69,359	69,353	69,346	73,342	80,342	86,342	91,346	91,353	80,353	22
m	4	Man	52,301	52,307	47,312	41,312	34,312	30,307	30,301	30,294	34,290	41,290	47,290	52,294	52,301	41,301	22
m	5	Man	130,301	130,307	125,312	119,312	112,312	108,307	108,301	108,294	112,290	119,290	125,290	130,294	130,301	119,301	22
m	6	Man	52,249	52,255	47,260	41,260	34,260	30,255	30,249	30,242	34,238	41,238	47,238	52,242	52,249	41,249	22
m	7	Man	52,197	52,203	47,208	41,208	34,208	30,203	30,197	30,190	34,186	41,186	47,186	52,190	52,197	41,197	22
m	8	Glc	52,145	52,151	47,156	41,156	34,156	30,151	30,145	30,138	34,134	41,134	47,134	52,138	52,145	41,145	22
m	9	Glc	52,93	52,99	47,104	41,104	34,104	30,99	30,93	30,86	34,82	41,82	47,82	52,86	52,93	41,93	22