0 0.43010752688172044 0.8654618473895582 0.17204301075268819 0.1686746987951807
0 0.5 0.44779116465863456 0.17204301075268819 0.1686746987951807
0 0.7795698924731183 0.44779116465863456 0.17204301075268819 0.1686746987951807
0 0.43010752688172044 0.7610441767068273 0.17204301075268819 0.1686746987951807
0 0.3225806451612903 0.6566265060240963 0.3817204301075269 0.1686746987951807
0 0.532258064516129 0.6566265060240963 0.3817204301075269 0.1686746987951807
0 0.22043010752688172 0.5522088353413654 0.17204301075268819 0.1686746987951807
0 0.5698924731182796 0.5522088353413654 0.3118279569892473 0.1686746987951807
0 0.7096774193548387 0.5522088353413654 0.3118279569892473 0.1686746987951807
0 0.22043010752688172 0.44779116465863456 0.17204301075268819 0.1686746987951807
0 0.22043010752688172 0.3433734939759036 0.17204301075268819 0.1686746987951807
0 0.22043010752688172 0.2389558232931727 0.17204301075268819 0.1686746987951807
0 0.22043010752688172 0.13453815261044177 0.17204301075268819 0.1686746987951807
