l	1	2
l	11	13
l	12	15
l	13	14
l	15	16
l	2	3
l	3	4
l	3	5
l	3	6
l	4	7
l	4	8
l	6	11
l	6	12
l	7	9
l	9	10
m	1	GlcNAc	252,85	274,85	274,107	252,107	252,85	263,96	22
m	10	NeuGc	41,141	52,152	41,163	30,152	41,152	22
m	11	GlcNAc	104,67	126,67	126,89	104,89	104,67	115,78	22
m	12	GlcNAc	104,30	126,30	126,52	104,52	104,30	115,41	22
m	13	Gal	89,78	89,84	84,89	78,89	71,89	67,84	67,78	67,71	71,67	78,67	84,67	89,71	89,78	78,78	22
m	14	NeuGc	41,67	52,78	41,89	30,78	41,78	22
m	15	Gal	89,41	89,47	84,52	78,52	71,52	67,47	67,41	67,34	71,30	78,30	84,30	89,34	89,41	78,41	22
m	16	NeuAc	41,30	52,41	41,52	30,41	41,41	22
m	2	GlcNAc	215,85	237,85	237,107	215,107	215,85	226,96	22
m	3	Man	200,96	200,102	195,107	189,107	182,107	178,102	178,96	178,89	182,85	189,85	195,85	200,89	200,96	189,96	22
m	4	Man	163,133	163,139	158,144	152,144	145,144	141,139	141,133	141,126	145,122	152,122	158,122	163,126	163,133	152,133	22
m	5	GlcNAc	141,85	163,85	163,107	141,107	141,85	152,96	22
m	6	Man	163,59	163,65	158,70	152,70	145,70	141,65	141,59	141,52	145,48	152,48	158,48	163,52	163,59	152,59	22
m	7	GlcNAc	104,141	126,141	126,163	104,163	104,141	115,152	22
m	8	GlcNAc	104,104	126,104	126,126	104,126	104,104	115,115	22
m	9	Gal	89,152	89,158	84,163	78,163	71,163	67,158	67,152	67,145	71,141	78,141	84,141	89,145	89,152	78,152	22