l	10	12
l	11	14
l	12	13
l	2	3
l	3	4
l	4	5
l	4	6
l	5	7
l	6	10
l	6	11
l	7	8
l	8	9
m	10	GlcNAc	215,67	237,67	237,89	215,89	215,67	226,78	22
m	11	GlcNAc	215,104	237,104	237,126	215,126	215,104	226,115	22
m	12	Gal	274,78	274,84	269,89	263,89	256,89	252,84	252,78	252,71	256,67	263,67	269,67	274,71	274,78	263,78	22
m	13	NeuAc	300,67	311,78	300,89	289,78	300,78	22
m	14	Gal	274,115	274,121	269,126	263,126	256,126	252,121	252,115	252,108	256,104	263,104	269,104	274,108	274,115	263,115	22
m	2	GlcNAc	67,57	89,57	89,79	67,79	67,57	78,68	22
m	3	GlcNAc	104,57	126,57	126,79	104,79	104,57	115,68	22
m	4	Man	163,68	163,74	158,79	152,79	145,79	141,74	141,68	141,61	145,57	152,57	158,57	163,61	163,68	152,68	22
m	5	Man	200,41	200,47	195,52	189,52	182,52	178,47	178,41	178,34	182,30	189,30	195,30	200,34	200,41	189,41	22
m	6	Man	200,96	200,102	195,107	189,107	182,107	178,102	178,96	178,89	182,85	189,85	195,85	200,89	200,96	189,96	22
m	7	GlcNAc	215,30	237,30	237,52	215,52	215,30	226,41	22
m	8	Gal	274,41	274,47	269,52	263,52	256,52	252,47	252,41	252,34	256,30	263,30	269,30	274,34	274,41	263,41	22
m	9	NeuAc	300,30	311,41	300,52	289,41	300,41	22