l	1	2
l	2	3
l	2	4
l	3	5
l	4	7
l	5	6
l	7	8
l	8	9
m	1	Glc	78,301	78,307	73,312	67,312	60,312	56,307	56,301	56,294	60,290	67,290	73,290	78,294	78,301	67,301	22
m	2	Gal	78,249	78,255	73,260	67,260	60,260	56,255	56,249	56,242	60,238	67,238	73,238	78,242	78,249	67,249	22
m	3	NeuAc	41,186	52,197	41,208	30,197	41,197	22
m	4	GalNAc	82,186	104,186	104,208	82,208	82,186	93,197	22
m	5	NeuAc	41,134	52,145	41,156	30,145	41,145	22
m	6	NeuAc	41,82	52,93	41,104	30,93	41,93	22
m	7	Gal	104,145	104,151	99,156	93,156	86,156	82,151	82,145	82,138	86,134	93,134	99,134	104,138	104,145	93,145	22
m	8	NeuAc	93,82	104,93	93,104	82,93	93,93	22
m	9	NeuAc	93,30	104,41	93,52	82,41	93,41	22