l	1	2
l	1	3
l	2	4
l	4	5
l	4	6
l	5	7
l	7	8
m	1	GlcNAc	108,238	130,238	130,260	108,260	108,238	119,249	22
m	2	GlcNAc	108,186	130,186	130,208	108,208	108,186	119,197	22
m	3	Fuc	160,249	182,260	182,238	171,249	22
m	4	Man	130,145	130,151	125,156	119,156	112,156	108,151	108,145	108,138	112,134	119,134	125,134	130,138	130,145	119,145	22
m	5	Man	104,93	104,99	99,104	93,104	86,104	82,99	82,93	82,86	86,82	93,82	99,82	104,86	104,93	93,93	22
m	6	Man	156,93	156,99	151,104	145,104	138,104	134,99	134,93	134,86	138,82	145,82	151,82	156,86	156,93	145,93	22
m	7	GlcNAc	82,30	104,30	104,52	82,52	82,30	93,41	22
m	8	Fuc	52,41	30,52	30,30	41,41	22