l	1	2
l	1	3
l	2	4
l	2	5
l	4	6
l	4	7
m	1	GalNAc	108,186	130,186	130,208	108,208	108,186	119,197	22
m	2	Gal	104,145	104,151	99,156	93,156	86,156	82,151	82,145	82,138	86,134	93,134	99,134	104,138	104,145	93,145	22
m	3	Gal	156,145	156,151	151,156	145,156	138,156	134,151	134,145	134,138	138,134	145,134	151,134	156,138	156,145	145,145	22
m	4	GlcNAc	30,82	52,82	52,104	30,104	30,82	41,93	22
m	5	Gal	156,93	156,99	151,104	145,104	138,104	134,99	134,93	134,86	138,82	145,82	151,82	156,86	156,93	145,93	22
m	6	Fuc	82,93	104,104	104,82	93,93	22
m	7	Gal	52,41	52,47	47,52	41,52	34,52	30,47	30,41	30,34	34,30	41,30	47,30	52,34	52,41	41,41	22