l	2	3
l	3	4
l	4	5
l	4	6
l	5	7
l	6	8
l	6	9
l	9	10
m	10	Man	126,41	126,47	121,52	115,52	108,52	104,47	104,41	104,34	108,30	115,30	121,30	126,34	126,41	115,41	22
m	2	GlcNAc	57,215	79,215	79,237	57,237	57,215	68,226	22
m	3	GlcNAc	57,178	79,178	79,200	57,200	57,178	68,189	22
m	4	Man	79,152	79,158	74,163	68,163	61,163	57,158	57,152	57,145	61,141	68,141	74,141	79,145	79,152	68,152	22
m	5	Man	52,115	52,121	47,126	41,126	34,126	30,121	30,115	30,108	34,104	41,104	47,104	52,108	52,115	41,115	22
m	6	Man	107,115	107,121	102,126	96,126	89,126	85,121	85,115	85,108	89,104	96,104	102,104	107,108	107,115	96,115	22
m	7	Man	52,78	52,84	47,89	41,89	34,89	30,84	30,78	30,71	34,67	41,67	47,67	52,71	52,78	41,78	22
m	8	Man	89,78	89,84	84,89	78,89	71,89	67,84	67,78	67,71	71,67	78,67	84,67	89,71	89,78	78,78	22
m	9	Man	126,78	126,84	121,89	115,89	108,89	104,84	104,78	104,71	108,67	115,67	121,67	126,71	126,78	115,78	22