l	1	2
l	2	3
l	3	4
l	4	5
l	5	6
l	6	7
m	1	Glc	52,263	52,269	47,274	41,274	34,274	30,269	30,263	30,256	34,252	41,252	47,252	52,256	52,263	41,263	22
m	2	Glc	52,226	52,232	47,237	41,237	34,237	30,232	30,226	30,219	34,215	41,215	47,215	52,219	52,226	41,226	22
m	3	Glc	52,189	52,195	47,200	41,200	34,200	30,195	30,189	30,182	34,178	41,178	47,178	52,182	52,189	41,189	22
m	4	Glc	52,152	52,158	47,163	41,163	34,163	30,158	30,152	30,145	34,141	41,141	47,141	52,145	52,152	41,152	22
m	5	Glc	52,115	52,121	47,126	41,126	34,126	30,121	30,115	30,108	34,104	41,104	47,104	52,108	52,115	41,115	22
m	6	Glc	52,78	52,84	47,89	41,89	34,89	30,84	30,78	30,71	34,67	41,67	47,67	52,71	52,78	41,78	22
m	7	Glc	52,41	52,47	47,52	41,52	34,52	30,47	30,41	30,34	34,30	41,30	47,30	52,34	52,41	41,41	22