l	11	12
l	13	14
l	15	17
l	16	22
l	16	23
l	17	18
l	18	19
l	18	20
l	2	3
l	2	4
l	20	21
l	23	24
l	3	5
l	5	6
l	5	7
l	6	8
l	6	9
l	7	15
l	7	16
l	8	10
l	8	11
l	9	13
m	10	Fuc	342,301	364,312	364,290	353,301	22
m	11	Gal	312,353	312,359	307,364	301,364	294,364	290,359	290,353	290,346	294,342	301,342	307,342	312,346	312,353	301,353	22
m	12	Fuc	342,353	364,364	364,342	353,353	22
m	13	Gal	260,353	260,359	255,364	249,364	242,364	238,359	238,353	238,346	242,342	249,342	255,342	260,346	260,353	249,353	22
m	14	Gal	260,405	260,411	255,416	249,416	242,416	238,411	238,405	238,398	242,394	249,394	255,394	260,398	260,405	249,405	22
m	15	GlcNAc	134,290	156,290	156,312	134,312	134,290	145,301	22
m	16	GlcNAc	30,290	52,290	52,312	30,312	30,290	41,301	22
m	17	Gal	156,353	156,359	151,364	145,364	138,364	134,359	134,353	134,346	138,342	145,342	151,342	156,346	156,353	145,353	22
m	18	GlcNAc	134,394	156,394	156,416	134,416	134,394	145,405	22
m	19	Fuc	186,405	208,416	208,394	197,405	22
m	2	GlcNAc	173,82	195,82	195,104	173,104	173,82	184,93	22
m	20	Gal	156,457	156,463	151,468	145,468	138,468	134,463	134,457	134,450	138,446	145,446	151,446	156,450	156,457	145,457	22
m	21	NeuAc	145,498	156,509	145,520	134,509	145,509	22
m	22	Fuc	82,301	104,312	104,290	93,301	22
m	23	Gal	52,353	52,359	47,364	41,364	34,364	30,359	30,353	30,346	34,342	41,342	47,342	52,346	52,353	41,353	22
m	24	NeuAc	41,394	52,405	41,416	30,405	41,405	22
m	3	GlcNAc	173,134	195,134	195,156	173,156	173,134	184,145	22
m	4	Fuc	121,93	143,104	143,82	132,93	22
m	5	Man	195,197	195,203	190,208	184,208	177,208	173,203	173,197	173,190	177,186	184,186	190,186	195,190	195,197	184,197	22
m	6	Man	286,249	286,255	281,260	275,260	268,260	264,255	264,249	264,242	268,238	275,238	281,238	286,242	286,249	275,249	22
m	7	Man	104,249	104,255	99,260	93,260	86,260	82,255	82,249	82,242	86,238	93,238	99,238	104,242	104,249	93,249	22
m	8	GlcNAc	290,290	312,290	312,312	290,312	290,290	301,301	22
m	9	GlcNAc	238,290	260,290	260,312	238,312	238,290	249,301	22