l	2	3
l	2	4
l	3	5
l	3	6
l	4	8
l	4	9
l	6	7
m	2	GalNAc	82,82	104,82	104,104	82,104	82,82	93,93	22
m	3	Gal	156,145	156,151	151,156	145,156	138,156	134,151	134,145	134,138	138,134	145,134	151,134	156,138	156,145	145,145	22
m	4	GlcNAc	30,134	52,134	52,156	30,156	30,134	41,145	22
m	5	Gal	208,197	208,203	203,208	197,208	190,208	186,203	186,197	186,190	190,186	197,186	203,186	208,190	208,197	197,197	22
m	6	GlcNAc	82,186	104,186	104,208	82,208	82,186	93,197	22
m	7	Fuc	134,197	156,208	156,186	145,197	22
m	8	Fuc	82,145	104,156	104,134	93,145	22
m	9	Gal	52,197	52,203	47,208	41,208	34,208	30,203	30,197	30,190	34,186	41,186	47,186	52,190	52,197	41,197	22