l	1	2
l	1	3
l	3	4
l	4	5
l	4	6
l	6	7
m	1	GlcNAc	67,178	89,178	89,200	67,200	67,178	78,189	22
m	2	Fuc	52,189	30,200	30,178	41,189	22
m	3	GlcNAc	67,141	89,141	89,163	67,163	67,141	78,152	22
m	4	Man	89,115	89,121	84,126	78,126	71,126	67,121	67,115	67,108	71,104	78,104	84,104	89,108	89,115	78,115	22
m	5	Man	71,78	71,84	66,89	60,89	53,89	49,84	49,78	49,71	53,67	60,67	66,67	71,71	71,78	60,78	22
m	6	Man	108,78	108,84	103,89	97,89	90,89	86,84	86,78	86,71	90,67	97,67	103,67	108,71	108,78	97,78	22
m	7	GlcNAc	86,30	108,30	108,52	86,52	86,30	97,41	22