l	1	2
l	2	3
l	3	4
l	3	5
l	4	6
l	4	7
l	6	8
l	7	9
m	1	GlcNAc	48,30	70,30	70,52	48,52	48,30	59,41	22
m	2	GlcNAc	48,67	70,67	70,89	48,89	48,67	59,78	22
m	3	Man	70,115	70,121	65,126	59,126	52,126	48,121	48,115	48,108	52,104	59,104	65,104	70,108	70,115	59,115	22
m	4	Man	89,152	89,158	84,163	78,163	71,163	67,158	67,152	67,145	71,141	78,141	84,141	89,145	89,152	78,152	22
m	5	Man	52,152	52,158	47,163	41,163	34,163	30,158	30,152	30,145	34,141	41,141	47,141	52,145	52,152	41,152	22
m	6	GlcNAc	86,178	108,178	108,200	86,200	86,178	97,189	22
m	7	GlcNAc	49,178	71,178	71,200	49,200	49,178	60,189	22
m	8	Gal	108,226	108,232	103,237	97,237	90,237	86,232	86,226	86,219	90,215	97,215	103,215	108,219	108,226	97,226	22
m	9	Gal	71,226	71,232	66,237	60,237	53,237	49,232	49,226	49,219	53,215	60,215	66,215	71,219	71,226	60,226	22