l	2	3
l	2	4
l	3	5
l	4	7
l	5	6
l	7	8
m	2	GalNAc	48,67	70,67	70,89	48,89	48,67	59,78	22
m	3	GlcNAc	67,104	89,104	89,126	67,126	67,104	78,115	22
m	4	Gal	52,115	52,121	47,126	41,126	34,126	30,121	30,115	30,108	34,104	41,104	47,104	52,108	52,115	41,115	22
m	5	Gal	89,152	89,158	84,163	78,163	71,163	67,158	67,152	67,145	71,141	78,141	84,141	89,145	89,152	78,152	22
m	6	NeuAc	78,178	89,189	78,200	67,189	78,189	22
m	7	GlcNAc	30,141	52,141	52,163	30,163	30,141	41,152	22
m	8	Gal	52,189	52,195	47,200	41,200	34,200	30,195	30,189	30,182	34,178	41,178	47,178	52,182	52,189	41,189	22