0 0.4956521739130435 0.17302052785923755 0.1391304347826087 0.20234604105571846
0 0.41304347826086957 0.12023460410557185 0.3 0.093841642228739
0 0.8217391304347826 0.8240469208211144 0.1391304347826087 0.20234604105571846
0 0.6608695652173913 0.7155425219941349 0.1391304347826087 0.20234604105571846
0 0.4956521739130435 0.28152492668621704 0.1391304347826087 0.20234604105571846
0 0.6173913043478261 0.39002932551319647 0.3826086956521739 0.20234604105571846
0 0.3739130434782609 0.39002932551319647 0.3782608695652174 0.20234604105571846
0 0.7782608695652173 0.49853372434017595 0.2217391304347826 0.20234604105571846
0 0.7 0.49853372434017595 0.21739130434782608 0.20234604105571846
0 0.2956521739130435 0.49853372434017595 0.2217391304347826 0.20234604105571846
0 0.21739130434782608 0.49853372434017595 0.21739130434782608 0.20234604105571846
0 0.8217391304347826 0.6070381231671554 0.1391304347826087 0.20234604105571846
0 0.6608695652173913 0.6070381231671554 0.1391304347826087 0.20234604105571846
0 0.5782608695652174 0.5542521994134897 0.3 0.093841642228739
0 0.8217391304347826 0.7155425219941349 0.1391304347826087 0.20234604105571846
