l	1	2
l	1	3
l	10	11
l	12	14
l	2	4
l	4	5
l	4	6
l	5	7
l	5	8
l	6	15
l	6	16
l	7	9
l	8	12
l	8	13
l	9	10
m	1	GlcNAc	103,30	125,30	125,52	103,52	103,30	114,41	22
m	10	NeuGc	189,252	200,263	189,274	178,263	189,263	22
m	11	NeuAc	189,289	200,300	189,311	178,300	189,300	22
m	12	Gal	163,226	163,232	158,237	152,237	145,237	141,232	141,226	141,219	145,215	152,215	158,215	163,219	163,226	152,226	22
m	13	Fuc	104,189	126,200	126,178	115,189	22
m	14	NeuAc	152,252	163,263	152,274	141,263	152,263	22
m	15	Man	89,189	89,195	84,200	78,200	71,200	67,195	67,189	67,182	71,178	78,178	84,178	89,182	89,189	78,189	22
m	16	Man	52,189	52,195	47,200	41,200	34,200	30,195	30,189	30,182	34,178	41,178	47,178	52,182	52,189	41,189	22
m	2	GlcNAc	103,67	125,67	125,89	103,89	103,67	114,78	22
m	3	Fuc	66,41	88,52	88,30	77,41	22
m	4	Man	125,115	125,121	120,126	114,126	107,126	103,121	103,115	103,108	107,104	114,104	120,104	125,108	125,115	114,115	22
m	5	Man	181,152	181,158	176,163	170,163	163,163	159,158	159,152	159,145	163,141	170,141	176,141	181,145	181,152	170,152	22
m	6	Man	70,152	70,158	65,163	59,163	52,163	48,158	48,152	48,145	52,141	59,141	65,141	70,145	70,152	59,152	22
m	7	GlcNAc	178,178	200,178	200,200	178,200	178,178	189,189	22
m	8	GlcNAc	141,178	163,178	163,200	141,200	141,178	152,189	22
m	9	Gal	200,226	200,232	195,237	189,237	182,237	178,232	178,226	178,219	182,215	189,215	195,215	200,219	200,226	189,226	22