l	1	2
l	1	3
l	10	11
l	3	4
l	4	5
l	4	6
l	5	7
l	6	10
l	7	8
l	8	9
m	1	GlcNAc	56,342	78,342	78,364	56,364	56,342	67,353	22
m	10	GlcNAc	82,134	104,134	104,156	82,156	82,134	93,145	22
m	11	Gal	104,93	104,99	99,104	93,104	86,104	82,99	82,93	82,86	86,82	93,82	99,82	104,86	104,93	93,93	22
m	2	Fuc	108,353	130,364	130,342	119,353	22
m	3	GlcNAc	56,290	78,290	78,312	56,312	56,290	67,301	22
m	4	Man	78,249	78,255	73,260	67,260	60,260	56,255	56,249	56,242	60,238	67,238	73,238	78,242	78,249	67,249	22
m	5	Man	52,197	52,203	47,208	41,208	34,208	30,203	30,197	30,190	34,186	41,186	47,186	52,190	52,197	41,197	22
m	6	Man	104,197	104,203	99,208	93,208	86,208	82,203	82,197	82,190	86,186	93,186	99,186	104,190	104,197	93,197	22
m	7	GlcNAc	30,134	52,134	52,156	30,156	30,134	41,145	22
m	8	Gal	52,93	52,99	47,104	41,104	34,104	30,99	30,93	30,86	34,82	41,82	47,82	52,86	52,93	41,93	22
m	9	NeuAc	41,30	52,41	41,52	30,41	41,41	22