0 0.58125 0.8959390862944162 0.525 0.08121827411167512
0 0.41875 0.8299492385786802 0.2 0.2131979695431472
0 0.58125 0.3020304568527919 0.2 0.2131979695431472
0 0.41875 0.6979695431472082 0.2 0.2131979695431472
0 0.3375 0.565989847715736 0.3625 0.2131979695431472
0 0.5 0.565989847715736 0.3625 0.2131979695431472
0 0.25625 0.434010152284264 0.2 0.2131979695431472
0 0.58125 0.434010152284264 0.2 0.2131979695431472
0 0.25625 0.3020304568527919 0.2 0.2131979695431472
0 0.25625 0.1700507614213198 0.2 0.2131979695431472
