l	1	2
l	1	3
l	2	4
l	3	5
l	5	6
l	5	7
l	6	8
l	7	9
m	1	GalNAc	66,30	88,30	88,52	66,52	66,30	77,41	22
m	2	Gal	107,78	107,84	102,89	96,89	89,89	85,84	85,78	85,71	89,67	96,67	102,67	107,71	107,78	96,78	22
m	3	GlcNAc	48,67	70,67	70,89	48,89	48,67	59,78	22
m	4	NeuAc	96,104	107,115	96,126	85,115	96,115	22
m	5	Gal	70,115	70,121	65,126	59,126	52,126	48,121	48,115	48,108	52,104	59,104	65,104	70,108	70,115	59,115	22
m	6	GlcNAc	67,141	89,141	89,163	67,163	67,141	78,152	22
m	7	GlcNAc	30,141	52,141	52,163	30,163	30,141	41,152	22
m	8	Gal	89,189	89,195	84,200	78,200	71,200	67,195	67,189	67,182	71,178	78,178	84,178	89,182	89,189	78,189	22
m	9	Gal	52,189	52,195	47,200	41,200	34,200	30,195	30,189	30,182	34,178	41,178	47,178	52,182	52,189	41,189	22