l	1	2
l	1	3
l	2	4
l	4	5
l	4	6
l	5	7
l	7	8
l	7	9
m	1	GalNAc	134,290	156,290	156,312	134,312	134,290	145,301	22
m	2	GlcNAc	108,238	130,238	130,260	108,260	108,238	119,249	22
m	3	NeuAc	171,238	182,249	171,260	160,249	171,249	22
m	4	Gal	130,197	130,203	125,208	119,208	112,208	108,203	108,197	108,190	112,186	119,186	125,186	130,190	130,197	119,197	22
m	5	GlcNAc	82,134	104,134	104,156	82,156	82,134	93,145	22
m	6	NeuAc	145,134	156,145	145,156	134,145	145,145	22
m	7	Gal	104,93	104,99	99,104	93,104	86,104	82,99	82,93	82,86	86,82	93,82	99,82	104,86	104,93	93,93	22
m	8	Fuc	52,93	30,104	30,82	41,93	22
m	9	GalNAc	82,30	104,30	104,52	82,52	82,30	93,41	22