l	11	12
l	12	13
l	2	3
l	3	4
l	4	5
l	4	6
l	5	7
l	5	8
l	6	11
l	7	9
l	8	10
m	10	Gal	89,263	89,269	84,274	78,274	71,274	67,269	67,263	67,256	71,252	78,252	84,252	89,256	89,263	78,263	22
m	11	GlcNAc	30,215	52,215	52,237	30,237	30,215	41,226	22
m	12	Gal	52,263	52,269	47,274	41,274	34,274	30,269	30,263	30,256	34,252	41,252	47,252	52,256	52,263	41,263	22
m	13	NeuAc	41,289	52,300	41,311	30,300	41,300	22
m	2	GlcNAc	57,67	79,67	79,89	57,89	57,67	68,78	22
m	3	GlcNAc	57,104	79,104	79,126	57,126	57,104	68,115	22
m	4	Man	79,152	79,158	74,163	68,163	61,163	57,158	57,152	57,145	61,141	68,141	74,141	79,145	79,152	68,152	22
m	5	Man	107,189	107,195	102,200	96,200	89,200	85,195	85,189	85,182	89,178	96,178	102,178	107,182	107,189	96,189	22
m	6	Man	52,189	52,195	47,200	41,200	34,200	30,195	30,189	30,182	34,178	41,178	47,178	52,182	52,189	41,189	22
m	7	GlcNAc	104,215	126,215	126,237	104,237	104,215	115,226	22
m	8	GlcNAc	67,215	89,215	89,237	67,237	67,215	78,226	22
m	9	Gal	126,263	126,269	121,274	115,274	108,274	104,269	104,263	104,256	108,252	115,252	121,252	126,256	126,263	115,263	22