0 0.5 0.8654618473895582 0.13445378151260504 0.1686746987951807
0 0.3907563025210084 0.3433734939759036 0.13445378151260504 0.1686746987951807
0 0.6092436974789915 0.44779116465863456 0.13445378151260504 0.1686746987951807
0 0.8277310924369747 0.44779116465863456 0.13445378151260504 0.1686746987951807
0 0.6092436974789915 0.3433734939759036 0.13445378151260504 0.1686746987951807
0 0.6092436974789915 0.2389558232931727 0.13445378151260504 0.1686746987951807
0 0.6092436974789915 0.13453815261044177 0.13445378151260504 0.1686746987951807
0 0.8277310924369747 0.3433734939759036 0.13445378151260504 0.1686746987951807
0 0.5 0.7610441767068273 0.13445378151260504 0.1686746987951807
0 0.3907563025210084 0.6566265060240963 0.35294117647058826 0.1686746987951807
0 0.5 0.6566265060240963 0.13445378151260504 0.1686746987951807
0 0.6092436974789915 0.6566265060240963 0.35294117647058826 0.1686746987951807
0 0.226890756302521 0.5522088353413654 0.24369747899159663 0.1686746987951807
0 0.33613445378151263 0.5522088353413654 0.24369747899159663 0.1686746987951807
0 0.6638655462184874 0.5522088353413654 0.24369747899159663 0.1686746987951807
0 0.773109243697479 0.5522088353413654 0.24369747899159663 0.1686746987951807
0 0.1722689075630252 0.44779116465863456 0.13445378151260504 0.1686746987951807
0 0.3907563025210084 0.44779116465863456 0.13445378151260504 0.1686746987951807
0 0.1722689075630252 0.3433734939759036 0.13445378151260504 0.1686746987951807
