l	1	2
l	11	12
l	13	15
l	14	19
l	15	16
l	16	17
l	17	18
l	19	20
l	2	3
l	3	4
l	3	5
l	3	6
l	4	7
l	4	8
l	6	13
l	6	14
l	7	9
l	8	11
l	9	10
m	1	GlcNAc	108,446	130,446	130,468	108,468	108,446	119,457	22
m	10	NeuGc	41,134	52,145	41,156	30,145	41,145	22
m	11	Gal	104,197	104,203	99,208	93,208	86,208	82,203	82,197	82,190	86,186	93,186	99,186	104,190	104,197	93,197	22
m	12	NeuGc	93,134	104,145	93,156	82,145	93,145	22
m	13	GlcNAc	134,238	156,238	156,260	134,260	134,238	145,249	22
m	14	GlcNAc	186,238	208,238	208,260	186,260	186,238	197,249	22
m	15	Gal	156,197	156,203	151,208	145,208	138,208	134,203	134,197	134,190	138,186	145,186	151,186	156,190	156,197	145,197	22
m	16	GlcNAc	134,134	156,134	156,156	134,156	134,134	145,145	22
m	17	Gal	156,93	156,99	151,104	145,104	138,104	134,99	134,93	134,86	138,82	145,82	151,82	156,86	156,93	145,93	22
m	18	NeuGc	145,30	156,41	145,52	134,41	145,41	22
m	19	Gal	208,197	208,203	203,208	197,208	190,208	186,203	186,197	186,190	190,186	197,186	203,186	208,190	208,197	197,197	22
m	2	GlcNAc	108,394	130,394	130,416	108,416	108,394	119,405	22
m	20	NeuAc	197,134	208,145	197,156	186,145	197,145	22
m	3	Man	130,353	130,359	125,364	119,364	112,364	108,359	108,353	108,346	112,342	119,342	125,342	130,346	130,353	119,353	22
m	4	Man	78,301	78,307	73,312	67,312	60,312	56,307	56,301	56,294	60,290	67,290	73,290	78,294	78,301	67,301	22
m	5	GlcNAc	108,290	130,290	130,312	108,312	108,290	119,301	22
m	6	Man	182,301	182,307	177,312	171,312	164,312	160,307	160,301	160,294	164,290	171,290	177,290	182,294	182,301	171,301	22
m	7	GlcNAc	30,238	52,238	52,260	30,260	30,238	41,249	22
m	8	GlcNAc	82,238	104,238	104,260	82,260	82,238	93,249	22
m	9	Gal	52,197	52,203	47,208	41,208	34,208	30,203	30,197	30,190	34,186	41,186	47,186	52,190	52,197	41,197	22