l	1	2
l	11	12
l	13	15
l	14	17
l	15	16
l	17	18
l	2	3
l	3	4
l	3	5
l	4	6
l	4	7
l	5	13
l	5	14
l	6	8
l	7	11
l	8	9
l	9	10
m	1	GlcNAc	108,394	130,394	130,416	108,416	108,394	119,405	22
m	10	NeuAc	41,30	52,41	41,52	30,41	41,41	22
m	11	Gal	104,145	104,151	99,156	93,156	86,156	82,151	82,145	82,138	86,134	93,134	99,134	104,138	104,145	93,145	22
m	12	NeuGc	93,82	104,93	93,104	82,93	93,93	22
m	13	GlcNAc	134,186	156,186	156,208	134,208	134,186	145,197	22
m	14	GlcNAc	186,186	208,186	208,208	186,208	186,186	197,197	22
m	15	Gal	156,145	156,151	151,156	145,156	138,156	134,151	134,145	134,138	138,134	145,134	151,134	156,138	156,145	145,145	22
m	16	NeuAc	145,82	156,93	145,104	134,93	145,93	22
m	17	Gal	208,145	208,151	203,156	197,156	190,156	186,151	186,145	186,138	190,134	197,134	203,134	208,138	208,145	197,145	22
m	18	NeuAc	197,82	208,93	197,104	186,93	197,93	22
m	2	GlcNAc	108,342	130,342	130,364	108,364	108,342	119,353	22
m	3	Man	130,301	130,307	125,312	119,312	112,312	108,307	108,301	108,294	112,290	119,290	125,290	130,294	130,301	119,301	22
m	4	Man	78,249	78,255	73,260	67,260	60,260	56,255	56,249	56,242	60,238	67,238	73,238	78,242	78,249	67,249	22
m	5	Man	182,249	182,255	177,260	171,260	164,260	160,255	160,249	160,242	164,238	171,238	177,238	182,242	182,249	171,249	22
m	6	GlcNAc	30,186	52,186	52,208	30,208	30,186	41,197	22
m	7	GlcNAc	82,186	104,186	104,208	82,208	82,186	93,197	22
m	8	Gal	52,145	52,151	47,156	41,156	34,156	30,151	30,145	30,138	34,134	41,134	47,134	52,138	52,145	41,145	22
m	9	NeuAc	41,82	52,93	41,104	30,93	41,93	22