0 0.5 0.8497757847533632 0.13445378151260504 0.18834080717488788
0 0.3907563025210084 0.26681614349775784 0.13445378151260504 0.18834080717488788
0 0.6092436974789915 0.3834080717488789 0.13445378151260504 0.18834080717488788
0 0.8277310924369747 0.3834080717488789 0.13445378151260504 0.18834080717488788
0 0.6092436974789915 0.26681614349775784 0.13445378151260504 0.18834080717488788
0 0.8277310924369747 0.26681614349775784 0.13445378151260504 0.18834080717488788
0 0.5 0.7331838565022422 0.13445378151260504 0.18834080717488788
0 0.3907563025210084 0.6165919282511211 0.35294117647058826 0.18834080717488788
0 0.6092436974789915 0.6165919282511211 0.35294117647058826 0.18834080717488788
0 0.226890756302521 0.5 0.24369747899159663 0.18834080717488788
0 0.33613445378151263 0.5 0.24369747899159663 0.18834080717488788
0 0.6638655462184874 0.5 0.24369747899159663 0.18834080717488788
0 0.773109243697479 0.5 0.24369747899159663 0.18834080717488788
0 0.1722689075630252 0.3834080717488789 0.13445378151260504 0.18834080717488788
0 0.3907563025210084 0.3834080717488789 0.13445378151260504 0.18834080717488788
0 0.1722689075630252 0.26681614349775784 0.13445378151260504 0.18834080717488788
0 0.1722689075630252 0.15022421524663676 0.13445378151260504 0.18834080717488788
