l	1	2
l	2	3
l	3	4
l	4	5
l	4	6
l	4	7
l	7	8
l	8	10
l	8	9
m	1	Glc	104,353	104,359	99,364	93,364	86,364	82,359	82,353	82,346	86,342	93,342	99,342	104,346	104,353	93,353	22
m	10	GalNAc	108,30	130,30	130,52	108,52	108,30	119,41	22
m	2	Gal	104,301	104,307	99,312	93,312	86,312	82,307	82,301	82,294	86,290	93,290	99,290	104,294	104,301	93,301	22
m	3	GlcNAc	82,238	104,238	104,260	82,260	82,238	93,249	22
m	4	Gal	104,197	104,203	99,208	93,208	86,208	82,203	82,197	82,190	86,186	93,186	99,186	104,190	104,197	93,197	22
m	5	Fuc	52,197	30,208	30,186	41,197	22
m	6	GalNAc	56,134	78,134	78,156	56,156	56,134	67,145	22
m	7	GlcNAc	108,134	130,134	130,156	108,156	108,134	119,145	22
m	8	Gal	130,93	130,99	125,104	119,104	112,104	108,99	108,93	108,86	112,82	119,82	125,82	130,86	130,93	119,93	22
m	9	Fuc	78,93	56,104	56,82	67,93	22