l	1	2
l	2	3
l	3	4
l	4	5
l	4	6
l	6	7
l	7	8
m	1	Fuc	67,364	56,342	78,342	67,353	22
m	2	Gal	78,301	78,307	73,312	67,312	60,312	56,307	56,301	56,294	60,290	67,290	73,290	78,294	78,301	67,301	22
m	3	GlcNAc	56,238	78,238	78,260	56,260	56,238	67,249	22
m	4	Gal	78,197	78,203	73,208	67,208	60,208	56,203	56,197	56,190	60,186	67,186	73,186	78,190	78,197	67,197	22
m	5	Glc	52,145	52,151	47,156	41,156	34,156	30,151	30,145	30,138	34,134	41,134	47,134	52,138	52,145	41,145	22
m	6	GlcNAc	82,134	104,134	104,156	82,156	82,134	93,145	22
m	7	Gal	104,93	104,99	99,104	93,104	86,104	82,99	82,93	82,86	86,82	93,82	99,82	104,86	104,93	93,93	22
m	8	NeuAc	93,30	104,41	93,52	82,41	93,41	22