0 0.8026315789473685 0.3391304347826087 0.22697368421052633 0.1391304347826087
0 0.8651315789473685 0.2565217391304348 0.10526315789473684 0.3
0 0.3157894736842105 0.3391304347826087 0.22697368421052633 0.1391304347826087
0 0.19407894736842105 0.3391304347826087 0.22697368421052633 0.1391304347826087
0 0.680921052631579 0.3391304347826087 0.22697368421052633 0.1391304347826087
0 0.5592105263157895 0.5 0.22697368421052633 0.4608695652173913
0 0.5592105263157895 0.3391304347826087 0.22697368421052633 0.1391304347826087
0 0.5592105263157895 0.2565217391304348 0.22697368421052633 0.3
0 0.4375 0.7391304347826086 0.22697368421052633 0.3
0 0.4375 0.5782608695652174 0.22697368421052633 0.3
0 0.4375 0.3391304347826087 0.22697368421052633 0.1391304347826087
0 0.3782894736842105 0.7391304347826086 0.10526315789473684 0.3
0 0.3157894736842105 0.8217391304347826 0.22697368421052633 0.1391304347826087
