l	1	2
l	1	3
l	12	13
l	13	14
l	2	4
l	4	5
l	4	6
l	4	7
l	5	8
l	5	9
l	6	12
l	8	10
l	8	11
m	1	GlcNAc	252,67	274,67	274,89	252,89	252,67	263,78	22
m	10	Fuc	115,163	104,141	126,141	115,152	22
m	11	Gal	89,189	89,195	84,200	78,200	71,200	67,195	67,189	67,182	71,178	78,178	84,178	89,182	89,189	78,189	22
m	12	GlcNAc	104,67	126,67	126,89	104,89	104,67	115,78	22
m	13	Gal	89,78	89,84	84,89	78,89	71,89	67,84	67,78	67,71	71,67	78,67	84,67	89,71	89,78	78,78	22
m	14	NeuAc	41,67	52,78	41,89	30,78	41,78	22
m	2	GlcNAc	215,67	237,67	237,89	215,89	215,67	226,78	22
m	3	Fuc	263,52	252,30	274,30	263,41	22
m	4	Man	200,78	200,84	195,89	189,89	182,89	178,84	178,78	178,71	182,67	189,67	195,67	200,71	200,78	189,78	22
m	5	Man	163,152	163,158	158,163	152,163	145,163	141,158	141,152	141,145	145,141	152,141	158,141	163,145	163,152	152,152	22
m	6	Man	163,78	163,84	158,89	152,89	145,89	141,84	141,78	141,71	145,67	152,67	158,67	163,71	163,78	152,78	22
m	7	GlcNAc	141,30	163,30	163,52	141,52	141,30	152,41	22
m	8	GlcNAc	104,178	126,178	126,200	104,200	104,178	115,189	22
m	9	GlcNAc	104,104	126,104	126,126	104,126	104,104	115,115	22