l	1	2
l	1	3
l	2	4
l	4	5
l	5	6
l	6	7
m	1	GlcNAc	30,290	52,290	52,312	30,312	30,290	41,301	22
m	2	GlcNAc	30,238	52,238	52,260	30,260	30,238	41,249	22
m	3	Fuc	82,301	104,312	104,290	93,301	22
m	4	Man	52,197	52,203	47,208	41,208	34,208	30,203	30,197	30,190	34,186	41,186	47,186	52,190	52,197	41,197	22
m	5	Man	52,145	52,151	47,156	41,156	34,156	30,151	30,145	30,138	34,134	41,134	47,134	52,138	52,145	41,145	22
m	6	GlcNAc	30,82	52,82	52,104	30,104	30,82	41,93	22
m	7	Gal	52,41	52,47	47,52	41,52	34,52	30,47	30,41	30,34	34,30	41,30	47,30	52,34	52,41	41,41	22