l	10	11
l	10	12
l	11	13
l	12	27
l	13	14
l	14	15
l	15	16
l	15	17
l	16	18
l	18	19
l	19	20
l	2	3
l	20	21
l	20	22
l	21	23
l	22	26
l	23	24
l	24	25
l	27	28
l	28	29
l	29	30
l	3	4
l	30	31
l	31	32
l	32	33
l	34	35
l	35	36
l	36	37
l	37	38
l	38	39
l	39	40
l	4	5
l	40	41
l	5	6
l	6	7
l	6	8
l	7	9
l	8	34
l	9	10
m	10	Glc	116,485	116,491	111,496	105,496	98,496	94,491	94,485	94,478	98,474	105,474	111,474	116,478	116,485	105,485	22
m	11	Glc	88,448	88,454	83,459	77,459	70,459	66,454	66,448	66,441	70,437	77,437	83,437	88,441	88,448	77,448	22
m	12	Glc	144,448	144,454	139,459	133,459	126,459	122,454	122,448	122,441	126,437	133,437	139,437	144,441	144,448	133,448	22
m	13	Glc	88,411	88,417	83,422	77,422	70,422	66,417	66,411	66,404	70,400	77,400	83,400	88,404	88,411	77,411	22
m	14	Glc	88,374	88,380	83,385	77,385	70,385	66,380	66,374	66,367	70,363	77,363	83,363	88,367	88,374	77,374	22
m	15	Glc	88,337	88,343	83,348	77,348	70,348	66,343	66,337	66,330	70,326	77,326	83,326	88,330	88,337	77,337	22
m	16	Glc	70,300	70,306	65,311	59,311	52,311	48,306	48,300	48,293	52,289	59,289	65,289	70,293	70,300	59,300	22
m	17	Glc	107,300	107,306	102,311	96,311	89,311	85,306	85,300	85,293	89,289	96,289	102,289	107,293	107,300	96,300	22
m	18	Glc	70,263	70,269	65,274	59,274	52,274	48,269	48,263	48,256	52,252	59,252	65,252	70,256	70,263	59,263	22
m	19	Glc	70,226	70,232	65,237	59,237	52,237	48,232	48,226	48,219	52,215	59,215	65,215	70,219	70,226	59,226	22
m	2	Glc	148,744	148,750	143,755	137,755	130,755	126,750	126,744	126,737	130,733	137,733	143,733	148,737	148,744	137,744	22
m	20	Glc	70,189	70,195	65,200	59,200	52,200	48,195	48,189	48,182	52,178	59,178	65,178	70,182	70,189	59,189	22
m	21	Glc	52,152	52,158	47,163	41,163	34,163	30,158	30,152	30,145	34,141	41,141	47,141	52,145	52,152	41,152	22
m	22	Glc	89,152	89,158	84,163	78,163	71,163	67,158	67,152	67,145	71,141	78,141	84,141	89,145	89,152	78,152	22
m	23	Glc	52,115	52,121	47,126	41,126	34,126	30,121	30,115	30,108	34,104	41,104	47,104	52,108	52,115	41,115	22
m	24	Glc	52,78	52,84	47,89	41,89	34,89	30,84	30,78	30,71	34,67	41,67	47,67	52,71	52,78	41,78	22
m	25	Glc	52,41	52,47	47,52	41,52	34,52	30,47	30,41	30,34	34,30	41,30	47,30	52,34	52,41	41,41	22
m	26	Glc	89,115	89,121	84,126	78,126	71,126	67,121	67,115	67,108	71,104	78,104	84,104	89,108	89,115	78,115	22
m	27	Glc	144,411	144,417	139,422	133,422	126,422	122,417	122,411	122,404	126,400	133,400	139,400	144,404	144,411	133,411	22
m	28	Glc	144,374	144,380	139,385	133,385	126,385	122,380	122,374	122,367	126,363	133,363	139,363	144,367	144,374	133,374	22
m	29	Glc	144,337	144,343	139,348	133,348	126,348	122,343	122,337	122,330	126,326	133,326	139,326	144,330	144,337	133,337	22
m	3	Glc	148,707	148,713	143,718	137,718	130,718	126,713	126,707	126,700	130,696	137,696	143,696	148,700	148,707	137,707	22
m	30	Glc	144,300	144,306	139,311	133,311	126,311	122,306	122,300	122,293	126,289	133,289	139,289	144,293	144,300	133,300	22
m	31	Glc	144,263	144,269	139,274	133,274	126,274	122,269	122,263	122,256	126,252	133,252	139,252	144,256	144,263	133,263	22
m	32	Glc	144,226	144,232	139,237	133,237	126,237	122,232	122,226	122,219	126,215	133,215	139,215	144,219	144,226	133,226	22
m	33	Glc	144,189	144,195	139,200	133,200	126,200	122,195	122,189	122,182	126,178	133,178	139,178	144,182	144,189	133,189	22
m	34	Glc	181,522	181,528	176,533	170,533	163,533	159,528	159,522	159,515	163,511	170,511	176,511	181,515	181,522	170,522	22
m	35	Glc	181,485	181,491	176,496	170,496	163,496	159,491	159,485	159,478	163,474	170,474	176,474	181,478	181,485	170,485	22
m	36	Glc	181,448	181,454	176,459	170,459	163,459	159,454	159,448	159,441	163,437	170,437	176,437	181,441	181,448	170,448	22
m	37	Glc	181,411	181,417	176,422	170,422	163,422	159,417	159,411	159,404	163,400	170,400	176,400	181,404	181,411	170,411	22
m	38	Glc	181,374	181,380	176,385	170,385	163,385	159,380	159,374	159,367	163,363	170,363	176,363	181,367	181,374	170,374	22
m	39	Glc	181,337	181,343	176,348	170,348	163,348	159,343	159,337	159,330	163,326	170,326	176,326	181,330	181,337	170,337	22
m	4	Glc	148,670	148,676	143,681	137,681	130,681	126,676	126,670	126,663	130,659	137,659	143,659	148,663	148,670	137,670	22
m	40	Glc	181,300	181,306	176,311	170,311	163,311	159,306	159,300	159,293	163,289	170,289	176,289	181,293	181,300	170,300	22
m	41	Glc	181,263	181,269	176,274	170,274	163,274	159,269	159,263	159,256	163,252	170,252	176,252	181,256	181,263	170,263	22
m	5	Glc	148,633	148,639	143,644	137,644	130,644	126,639	126,633	126,626	130,622	137,622	143,622	148,626	148,633	137,633	22
m	6	Glc	148,596	148,602	143,607	137,607	130,607	126,602	126,596	126,589	130,585	137,585	143,585	148,589	148,596	137,596	22
m	7	Glc	116,559	116,565	111,570	105,570	98,570	94,565	94,559	94,552	98,548	105,548	111,548	116,552	116,559	105,559	22
m	8	Glc	181,559	181,565	176,570	170,570	163,570	159,565	159,559	159,552	163,548	170,548	176,548	181,552	181,559	170,559	22
m	9	Glc	116,522	116,528	111,533	105,533	98,533	94,528	94,522	94,515	98,511	105,511	111,511	116,515	116,522	105,522	22