0 0.4312796208530806 0.5669099756690997 0.2843601895734597 0.08394160583941605
0 0.5639810426540285 0.5669099756690997 0.2843601895734597 0.08394160583941605
0 0.36492890995260663 0.5218978102189781 0.15165876777251186 0.08394160583941605
0 0.6303317535545023 0.5218978102189781 0.15165876777251186 0.08394160583941605
0 0.36492890995260663 0.4768856447688564 0.15165876777251186 0.08394160583941605
0 0.36492890995260663 0.4318734793187348 0.15165876777251186 0.08394160583941605
0 0.3222748815165877 0.38686131386861317 0.23696682464454977 0.08394160583941605
0 0.4075829383886256 0.38686131386861317 0.24170616113744076 0.08394160583941605
0 0.2796208530805687 0.3418491484184915 0.15165876777251186 0.08394160583941605
0 0.2796208530805687 0.29683698296836986 0.15165876777251186 0.08394160583941605
0 0.2796208530805687 0.2518248175182482 0.15165876777251186 0.08394160583941605
0 0.6492890995260664 0.8819951338199513 0.15165876777251186 0.08394160583941605
0 0.23696682464454977 0.20681265206812652 0.23696682464454977 0.08394160583941605
0 0.3222748815165877 0.20681265206812652 0.24170616113744076 0.08394160583941605
0 0.1943127962085308 0.16180048661800486 0.15165876777251186 0.08394160583941605
0 0.3696682464454976 0.16180048661800486 0.15165876777251186 0.08394160583941605
0 0.1943127962085308 0.11678832116788321 0.15165876777251186 0.08394160583941605
0 0.1943127962085308 0.07177615571776155 0.15165876777251186 0.08394160583941605
0 0.6303317535545023 0.4768856447688564 0.15165876777251186 0.08394160583941605
0 0.6303317535545023 0.4318734793187348 0.15165876777251186 0.08394160583941605
0 0.6303317535545023 0.38686131386861317 0.15165876777251186 0.08394160583941605
0 0.6492890995260664 0.8369829683698297 0.15165876777251186 0.08394160583941605
0 0.6303317535545023 0.3418491484184915 0.15165876777251186 0.08394160583941605
0 0.6303317535545023 0.29683698296836986 0.15165876777251186 0.08394160583941605
0 0.6303317535545023 0.2518248175182482 0.15165876777251186 0.08394160583941605
0 0.8056872037914692 0.6119221411192214 0.15165876777251186 0.08394160583941605
0 0.8056872037914692 0.5669099756690997 0.15165876777251186 0.08394160583941605
0 0.8056872037914692 0.5218978102189781 0.15165876777251186 0.08394160583941605
0 0.8056872037914692 0.4768856447688564 0.15165876777251186 0.08394160583941605
0 0.8056872037914692 0.4318734793187348 0.15165876777251186 0.08394160583941605
0 0.8056872037914692 0.38686131386861317 0.15165876777251186 0.08394160583941605
0 0.6492890995260664 0.791970802919708 0.15165876777251186 0.08394160583941605
0 0.8056872037914692 0.3418491484184915 0.15165876777251186 0.08394160583941605
0 0.6492890995260664 0.7469586374695864 0.15165876777251186 0.08394160583941605
0 0.5734597156398105 0.7019464720194647 0.3033175355450237 0.08394160583941605
0 0.7251184834123223 0.7019464720194647 0.3080568720379147 0.08394160583941605
0 0.4976303317535545 0.656934306569343 0.15165876777251186 0.08394160583941605
0 0.8056872037914692 0.656934306569343 0.15165876777251186 0.08394160583941605
0 0.4976303317535545 0.6119221411192214 0.15165876777251186 0.08394160583941605
