l	1	2
l	1	3
l	2	4
l	4	5
l	4	6
l	5	7
l	7	8
l	8	9
l	9	10
m	1	GlcNAc	48,289	70,289	70,311	48,311	48,289	59,300	22
m	10	Glc	52,41	52,47	47,52	41,52	34,52	30,47	30,41	30,34	34,30	41,30	47,30	52,34	52,41	41,41	22
m	2	GlcNAc	48,252	70,252	70,274	48,274	48,252	59,263	22
m	3	Fuc	85,300	107,311	107,289	96,300	22
m	4	Man	70,226	70,232	65,237	59,237	52,237	48,232	48,226	48,219	52,215	59,215	65,215	70,219	70,226	59,226	22
m	5	Man	52,189	52,195	47,200	41,200	34,200	30,195	30,189	30,182	34,178	41,178	47,178	52,182	52,189	41,189	22
m	6	Man	89,189	89,195	84,200	78,200	71,200	67,195	67,189	67,182	71,178	78,178	84,178	89,182	89,189	78,189	22
m	7	Man	52,152	52,158	47,163	41,163	34,163	30,158	30,152	30,145	34,141	41,141	47,141	52,145	52,152	41,152	22
m	8	Man	52,115	52,121	47,126	41,126	34,126	30,121	30,115	30,108	34,104	41,104	47,104	52,108	52,115	41,115	22
m	9	Glc	52,78	52,84	47,89	41,89	34,89	30,84	30,78	30,71	34,67	41,67	47,67	52,71	52,78	41,78	22