l	10	16
l	10	17
l	11	12
l	12	13
l	13	14
l	14	15
l	16	18
l	19	21
l	19	22
l	2	3
l	2	4
l	20	24
l	21	23
l	24	25
l	3	5
l	5	6
l	5	7
l	5	8
l	6	10
l	6	9
l	7	19
l	7	20
l	9	11
m	10	GlcNAc	215,67	237,67	237,89	215,89	215,67	226,78	22
m	11	Gal	274,41	274,47	269,52	263,52	256,52	252,47	252,41	252,34	256,30	263,30	269,30	274,34	274,41	263,41	22
m	12	GlcNAc	289,30	311,30	311,52	289,52	289,30	300,41	22
m	13	Gal	348,41	348,47	343,52	337,52	330,52	326,47	326,41	326,34	330,30	337,30	343,30	348,34	348,41	337,41	22
m	14	NeuAc	374,30	385,41	374,52	363,41	374,41	22
m	15	NeuAc	411,30	422,41	411,52	400,41	411,41	22
m	16	Gal	274,78	274,84	269,89	263,89	256,89	252,84	252,78	252,71	256,67	263,67	269,67	274,71	274,78	263,78	22
m	17	Fuc	226,104	237,126	215,126	226,115	22
m	18	NeuAc	300,67	311,78	300,89	289,78	300,78	22
m	19	GlcNAc	215,141	237,141	237,163	215,163	215,141	226,152	22
m	2	GlcNAc	67,178	89,178	89,200	67,200	67,178	78,189	22
m	20	GlcNAc	215,215	237,215	237,237	215,237	215,215	226,226	22
m	21	Gal	274,152	274,158	269,163	263,163	256,163	252,158	252,152	252,145	256,141	263,141	269,141	274,145	274,152	263,152	22
m	22	Fuc	226,178	237,200	215,200	226,189	22
m	23	NeuGc	300,141	311,152	300,163	289,152	300,152	22
m	24	Gal	274,226	274,232	269,237	263,237	256,237	252,232	252,226	252,219	256,215	263,215	269,215	274,219	274,226	263,226	22
m	25	Gal	311,226	311,232	306,237	300,237	293,237	289,232	289,226	289,219	293,215	300,215	306,215	311,219	311,226	300,226	22
m	3	GlcNAc	104,178	126,178	126,200	104,200	104,178	115,189	22
m	4	Fuc	78,215	89,237	67,237	78,226	22
m	5	Man	163,189	163,195	158,200	152,200	145,200	141,195	141,189	141,182	145,178	152,178	158,178	163,182	163,189	152,189	22
m	6	Man	200,59	200,65	195,70	189,70	182,70	178,65	178,59	178,52	182,48	189,48	195,48	200,52	200,59	189,59	22
m	7	Man	200,189	200,195	195,200	189,200	182,200	178,195	178,189	178,182	182,178	189,178	195,178	200,182	200,189	189,189	22
m	8	GlcNAc	178,215	200,215	200,237	178,237	178,215	189,226	22
m	9	GlcNAc	215,30	237,30	237,52	215,52	215,30	226,41	22