0 0.5398230088495575 0.29213483146067415 0.15265486725663716 0.1198501872659176
0 0.5 0.3595505617977528 0.07079646017699115 0.25842696629213485
0 0.6216814159292036 0.15355805243445692 0.15265486725663716 0.1198501872659176
0 0.7035398230088495 0.15355805243445692 0.15265486725663716 0.1198501872659176
0 0.7853982300884956 0.15355805243445692 0.15265486725663716 0.1198501872659176
0 0.8672566371681416 0.15355805243445692 0.15265486725663716 0.1198501872659176
0 0.6216814159292036 0.29213483146067415 0.15265486725663716 0.1198501872659176
0 0.5398230088495575 0.5692883895131086 0.15265486725663716 0.1198501872659176
0 0.5 0.6367041198501873 0.07079646017699115 0.25842696629213485
0 0.21238938053097345 0.7078651685393258 0.15265486725663716 0.1198501872659176
0 0.17256637168141592 0.7752808988764045 0.07079646017699115 0.25842696629213485
0 0.5398230088495575 0.846441947565543 0.15265486725663716 0.1198501872659176
0 0.6216814159292036 0.5692883895131086 0.15265486725663716 0.1198501872659176
0 0.6216814159292036 0.846441947565543 0.15265486725663716 0.1198501872659176
0 0.2942477876106195 0.7078651685393258 0.15265486725663716 0.1198501872659176
0 0.37610619469026546 0.46441947565543074 0.15265486725663716 0.6067415730337079
0 0.37610619469026546 0.7078651685393258 0.15265486725663716 0.1198501872659176
0 0.37610619469026546 0.7752808988764045 0.15265486725663716 0.25842696629213485
0 0.4579646017699115 0.2546816479400749 0.15265486725663716 0.19101123595505617
0 0.4579646017699115 0.18726591760299627 0.15265486725663716 0.18726591760299627
0 0.4579646017699115 0.6367041198501873 0.15265486725663716 0.25842696629213485
0 0.4579646017699115 0.7752808988764045 0.15265486725663716 0.25842696629213485
0 0.5398230088495575 0.15355805243445692 0.15265486725663716 0.1198501872659176
