0 0.5 0.8497757847533632 0.17204301075268819 0.18834080717488788
0 0.5 0.7331838565022422 0.17204301075268819 0.18834080717488788
0 0.3602150537634409 0.6165919282511211 0.45161290322580644 0.18834080717488788
0 0.5 0.6165919282511211 0.17204301075268819 0.18834080717488788
0 0.6397849462365591 0.6165919282511211 0.45161290322580644 0.18834080717488788
0 0.22043010752688172 0.5 0.17204301075268819 0.18834080717488788
0 0.7795698924731183 0.5 0.17204301075268819 0.18834080717488788
0 0.22043010752688172 0.3834080717488789 0.17204301075268819 0.18834080717488788
0 0.22043010752688172 0.26681614349775784 0.17204301075268819 0.18834080717488788
0 0.22043010752688172 0.15022421524663676 0.17204301075268819 0.18834080717488788
