l	1	2
l	2	3
l	3	4
l	3	5
l	3	6
l	4	7
l	6	11
l	7	8
l	8	9
l	9	10
m	1	GlcNAc	82,394	104,394	104,416	82,416	82,394	93,405	22
m	10	NeuAc	41,30	52,41	41,52	30,41	41,41	22
m	11	Man	156,197	156,203	151,208	145,208	138,208	134,203	134,197	134,190	138,186	145,186	151,186	156,190	156,197	145,197	22
m	2	GlcNAc	82,342	104,342	104,364	82,364	82,342	93,353	22
m	3	Man	104,301	104,307	99,312	93,312	86,312	82,307	82,301	82,294	86,290	93,290	99,290	104,294	104,301	93,301	22
m	4	Man	52,249	52,255	47,260	41,260	34,260	30,255	30,249	30,242	34,238	41,238	47,238	52,242	52,249	41,249	22
m	5	GlcNAc	82,238	104,238	104,260	82,260	82,238	93,249	22
m	6	Man	156,249	156,255	151,260	145,260	138,260	134,255	134,249	134,242	138,238	145,238	151,238	156,242	156,249	145,249	22
m	7	GlcNAc	30,186	52,186	52,208	30,208	30,186	41,197	22
m	8	Gal	52,145	52,151	47,156	41,156	34,156	30,151	30,145	30,138	34,134	41,134	47,134	52,138	52,145	41,145	22
m	9	NeuGc	41,82	52,93	41,104	30,93	41,93	22