l	1	2
l	1	3
l	1	4
l	3	5
l	3	6
l	6	7
m	1	Gal	130,197	130,203	125,208	119,208	112,208	108,203	108,197	108,190	112,186	119,186	125,186	130,190	130,197	119,197	22
m	2	Fuc	78,197	56,208	56,186	67,197	22
m	3	Gal	104,145	104,151	99,156	93,156	86,156	82,151	82,145	82,138	86,134	93,134	99,134	104,138	104,145	93,145	22
m	4	GlcNAc	134,134	156,134	156,156	134,156	134,134	145,145	22
m	5	Fuc	52,145	30,156	30,134	41,145	22
m	6	GalNAc	82,82	104,82	104,104	82,104	82,82	93,93	22
m	7	Gal	104,41	104,47	99,52	93,52	86,52	82,47	82,41	82,34	86,30	93,30	99,30	104,34	104,41	93,41	22