l	11	12
l	12	13
l	2	3
l	2	4
l	3	5
l	5	6
l	5	7
l	6	8
l	7	11
l	8	9
l	9	10
m	10	NeuAc	41,30	52,41	41,52	30,41	41,41	22
m	11	GlcNAc	67,104	89,104	89,126	67,126	67,104	78,115	22
m	12	Gal	89,78	89,84	84,89	78,89	71,89	67,84	67,78	67,71	71,67	78,67	84,67	89,71	89,78	78,78	22
m	13	Fuc	104,78	126,89	126,67	115,78	22
m	2	GlcNAc	48,252	70,252	70,274	48,274	48,252	59,263	22
m	3	GlcNAc	48,215	70,215	70,237	48,237	48,215	59,226	22
m	4	Fuc	85,263	107,274	107,252	96,263	22
m	5	Man	70,189	70,195	65,200	59,200	52,200	48,195	48,189	48,182	52,178	59,178	65,178	70,182	70,189	59,189	22
m	6	Man	52,152	52,158	47,163	41,163	34,163	30,158	30,152	30,145	34,141	41,141	47,141	52,145	52,152	41,152	22
m	7	Man	89,152	89,158	84,163	78,163	71,163	67,158	67,152	67,145	71,141	78,141	84,141	89,145	89,152	78,152	22
m	8	GlcNAc	30,104	52,104	52,126	30,126	30,104	41,115	22
m	9	Gal	52,78	52,84	47,89	41,89	34,89	30,84	30,78	30,71	34,67	41,67	47,67	52,71	52,78	41,78	22