0 0.5 0.28152492668621704 0.20512820512820512 0.20234604105571846
0 0.6153846153846154 0.2287390029325513 0.4423076923076923 0.093841642228739
0 0.3782051282051282 0.7155425219941349 0.20512820512820512 0.20234604105571846
0 0.4935897435897436 0.7712609970674487 0.4423076923076923 0.093841642228739
0 0.3782051282051282 0.6070381231671554 0.20512820512820512 0.20234604105571846
0 0.32051282051282054 0.49853372434017595 0.32051282051282054 0.20234604105571846
0 0.4358974358974359 0.49853372434017595 0.3269230769230769 0.20234604105571846
0 0.26282051282051283 0.39002932551319647 0.20512820512820512 0.20234604105571846
0 0.5 0.39002932551319647 0.20512820512820512 0.20234604105571846
0 0.26282051282051283 0.28152492668621704 0.20512820512820512 0.20234604105571846
0 0.26282051282051283 0.17302052785923755 0.20512820512820512 0.20234604105571846
