0 0.5 0.804093567251462 0.13445378151260504 0.24561403508771928
0 0.6092436974789915 0.195906432748538 0.13445378151260504 0.24561403508771928
0 0.8277310924369747 0.195906432748538 0.13445378151260504 0.24561403508771928
0 0.5 0.652046783625731 0.13445378151260504 0.24561403508771928
0 0.3907563025210084 0.5 0.35294117647058826 0.24561403508771928
0 0.6092436974789915 0.5 0.35294117647058826 0.24561403508771928
0 0.226890756302521 0.347953216374269 0.24369747899159663 0.24561403508771928
0 0.33613445378151263 0.347953216374269 0.24369747899159663 0.24561403508771928
0 0.6638655462184874 0.347953216374269 0.24369747899159663 0.24561403508771928
0 0.773109243697479 0.347953216374269 0.24369747899159663 0.24561403508771928
0 0.1722689075630252 0.195906432748538 0.13445378151260504 0.24561403508771928
0 0.3907563025210084 0.195906432748538 0.13445378151260504 0.24561403508771928
