l	1	2
l	10	12
l	11	13
l	2	3
l	3	4
l	3	5
l	4	6
l	4	7
l	5	10
l	5	11
l	6	8
l	7	9
m	1	GlcNAc	108,290	130,290	130,312	108,312	108,290	119,301	22
m	10	GlcNAc	134,82	156,82	156,104	134,104	134,82	145,93	22
m	11	GlcNAc	186,82	208,82	208,104	186,104	186,82	197,93	22
m	12	Gal	156,41	156,47	151,52	145,52	138,52	134,47	134,41	134,34	138,30	145,30	151,30	156,34	156,41	145,41	22
m	13	Gal	208,41	208,47	203,52	197,52	190,52	186,47	186,41	186,34	190,30	197,30	203,30	208,34	208,41	197,41	22
m	2	GlcNAc	108,238	130,238	130,260	108,260	108,238	119,249	22
m	3	Man	130,197	130,203	125,208	119,208	112,208	108,203	108,197	108,190	112,186	119,186	125,186	130,190	130,197	119,197	22
m	4	Man	78,145	78,151	73,156	67,156	60,156	56,151	56,145	56,138	60,134	67,134	73,134	78,138	78,145	67,145	22
m	5	Man	182,145	182,151	177,156	171,156	164,156	160,151	160,145	160,138	164,134	171,134	177,134	182,138	182,145	171,145	22
m	6	GlcNAc	30,82	52,82	52,104	30,104	30,82	41,93	22
m	7	GlcNAc	82,82	104,82	104,104	82,104	82,82	93,93	22
m	8	Gal	52,41	52,47	47,52	41,52	34,52	30,47	30,41	30,34	34,30	41,30	47,30	52,34	52,41	41,41	22
m	9	Gal	104,41	104,47	99,52	93,52	86,52	82,47	82,41	82,34	86,30	93,30	99,30	104,34	104,41	93,41	22