l	11	12
l	14	15
l	2	3
l	3	4
l	4	5
l	4	6
l	5	7
l	5	8
l	6	13
l	6	14
l	7	9
l	8	11
l	9	10
m	10	Man	208,405	208,411	203,416	197,416	190,416	186,411	186,405	186,398	190,394	197,394	203,394	208,398	208,405	197,405	22
m	11	Man	156,353	156,359	151,364	145,364	138,364	134,359	134,353	134,346	138,342	145,342	151,342	156,346	156,353	145,353	22
m	12	Man	156,405	156,411	151,416	145,416	138,416	134,411	134,405	134,398	138,394	145,394	151,394	156,398	156,405	145,405	22
m	13	Man	104,301	104,307	99,312	93,312	86,312	82,307	82,301	82,294	86,290	93,290	99,290	104,294	104,301	93,301	22
m	14	Man	52,301	52,307	47,312	41,312	34,312	30,307	30,301	30,294	34,290	41,290	47,290	52,294	52,301	41,301	22
m	15	Man	52,353	52,359	47,364	41,364	34,364	30,359	30,353	30,346	34,342	41,342	47,342	52,346	52,353	41,353	22
m	2	GlcNAc	108,82	130,82	130,104	108,104	108,82	119,93	22
m	3	GlcNAc	108,134	130,134	130,156	108,156	108,134	119,145	22
m	4	Man	130,197	130,203	125,208	119,208	112,208	108,203	108,197	108,190	112,186	119,186	125,186	130,190	130,197	119,197	22
m	5	Man	182,249	182,255	177,260	171,260	164,260	160,255	160,249	160,242	164,238	171,238	177,238	182,242	182,249	171,249	22
m	6	Man	78,249	78,255	73,260	67,260	60,260	56,255	56,249	56,242	60,238	67,238	73,238	78,242	78,249	67,249	22
m	7	Man	208,301	208,307	203,312	197,312	190,312	186,307	186,301	186,294	190,290	197,290	203,290	208,294	208,301	197,301	22
m	8	Man	156,301	156,307	151,312	145,312	138,312	134,307	134,301	134,294	138,290	145,290	151,290	156,294	156,301	145,301	22
m	9	Man	208,353	208,359	203,364	197,364	190,364	186,359	186,353	186,346	190,342	197,342	203,342	208,346	208,353	197,353	22