l	1	2
l	1	3
l	2	4
l	4	5
l	4	6
l	5	7
l	7	8
m	1	GlcNAc	56,290	78,290	78,312	56,312	56,290	67,301	22
m	2	GlcNAc	56,238	78,238	78,260	56,260	56,238	67,249	22
m	3	Fuc	108,301	130,312	130,290	119,301	22
m	4	Man	78,197	78,203	73,208	67,208	60,208	56,203	56,197	56,190	60,186	67,186	73,186	78,190	78,197	67,197	22
m	5	Man	52,145	52,151	47,156	41,156	34,156	30,151	30,145	30,138	34,134	41,134	47,134	52,138	52,145	41,145	22
m	6	Man	104,145	104,151	99,156	93,156	86,156	82,151	82,145	82,138	86,134	93,134	99,134	104,138	104,145	93,145	22
m	7	GlcNAc	30,82	52,82	52,104	30,104	30,82	41,93	22
m	8	Gal	52,41	52,47	47,52	41,52	34,52	30,47	30,41	30,34	34,30	41,30	47,30	52,34	52,41	41,41	22