l	10	13
l	11	12
l	14	16
l	15	17
l	2	3
l	2	4
l	3	5
l	5	6
l	5	7
l	5	8
l	6	10
l	6	9
l	7	14
l	7	15
l	9	11
m	10	GlcNAc	160,290	182,290	182,312	160,312	160,290	171,301	22
m	11	Gal	234,353	234,359	229,364	223,364	216,364	212,359	212,353	212,346	216,342	223,342	229,342	234,346	234,353	223,353	22
m	12	NeuAc	223,394	234,405	223,416	212,405	223,405	22
m	13	Gal	182,353	182,359	177,364	171,364	164,364	160,359	160,353	160,346	164,342	171,342	177,342	182,346	182,353	171,353	22
m	14	GlcNAc	108,290	130,290	130,312	108,312	108,290	119,301	22
m	15	GlcNAc	56,290	78,290	78,312	56,312	56,290	67,301	22
m	16	Gal	130,353	130,359	125,364	119,364	112,364	108,359	108,353	108,346	112,342	119,342	125,342	130,346	130,353	119,353	22
m	17	Gal	78,353	78,359	73,364	67,364	60,364	56,359	56,353	56,346	60,342	67,342	73,342	78,346	78,353	67,353	22
m	2	GlcNAc	82,82	104,82	104,104	82,104	82,82	93,93	22
m	3	GlcNAc	82,134	104,134	104,156	82,156	82,134	93,145	22
m	4	Fuc	30,93	52,104	52,82	41,93	22
m	5	Man	104,197	104,203	99,208	93,208	86,208	82,203	82,197	82,190	86,186	93,186	99,186	104,190	104,197	93,197	22
m	6	Man	208,249	208,255	203,260	197,260	190,260	186,255	186,249	186,242	190,238	197,238	203,238	208,242	208,249	197,249	22
m	7	Man	104,249	104,255	99,260	93,260	86,260	82,255	82,249	82,242	86,238	93,238	99,238	104,242	104,249	93,249	22
m	8	GlcNAc	30,238	52,238	52,260	30,260	30,238	41,249	22
m	9	GlcNAc	212,290	234,290	234,312	212,312	212,290	223,301	22