0 0.6477272727272727 0.7331838565022422 0.12121212121212122 0.18834080717488788
0 0.8446969696969697 0.8497757847533632 0.12121212121212122 0.18834080717488788
0 0.45075757575757575 0.7331838565022422 0.12121212121212122 0.18834080717488788
0 0.2537878787878788 0.7331838565022422 0.12121212121212122 0.18834080717488788
0 0.3522727272727273 0.26681614349775784 0.12121212121212122 0.18834080717488788
0 0.2537878787878788 0.2085201793721973 0.3181818181818182 0.07174887892376682
0 0.3522727272727273 0.3834080717488789 0.12121212121212122 0.18834080717488788
0 0.5492424242424242 0.5 0.5151515151515151 0.18834080717488788
0 0.3522727272727273 0.5 0.12121212121212122 0.18834080717488788
0 0.2537878787878788 0.5 0.3181818181818182 0.18834080717488788
0 0.696969696969697 0.6165919282511211 0.2196969696969697 0.18834080717488788
0 0.7954545454545454 0.6165919282511211 0.2196969696969697 0.18834080717488788
0 0.4015151515151515 0.6165919282511211 0.2196969696969697 0.18834080717488788
0 0.30303030303030304 0.6165919282511211 0.2196969696969697 0.18834080717488788
0 0.8446969696969697 0.7331838565022422 0.12121212121212122 0.18834080717488788
