0 0.4103448275862069 0.7689655172413793 0.2896551724137931 0.2896551724137931
0 0.5896551724137931 0.7689655172413793 0.2896551724137931 0.2896551724137931
0 0.7689655172413793 0.5 0.2896551724137931 0.1103448275862069
0 0.23103448275862068 0.5896551724137931 0.2896551724137931 0.2896551724137931
0 0.4103448275862069 0.5896551724137931 0.2896551724137931 0.2896551724137931
0 0.6793103448275862 0.5896551724137931 0.1103448275862069 0.2896551724137931
0 0.1413793103448276 0.4103448275862069 0.1103448275862069 0.2896551724137931
0 0.5 0.4103448275862069 0.1103448275862069 0.2896551724137931
0 0.23103448275862068 0.32068965517241377 0.2896551724137931 0.1103448275862069
0 0.5 0.23103448275862068 0.1103448275862069 0.2896551724137931
