l	1	2
l	1	3
l	10	11
l	2	4
l	2	5
l	3	10
l	4	6
l	5	8
l	6	7
l	8	9
m	1	GalNAc	134,238	156,238	156,260	134,260	134,238	145,249	22
m	10	Gal	208,145	208,151	203,156	197,156	190,156	186,151	186,145	186,138	190,134	197,134	203,134	208,138	208,145	197,145	22
m	11	Fuc	238,145	260,156	260,134	249,145	22
m	2	Gal	104,197	104,203	99,208	93,208	86,208	82,203	82,197	82,190	86,186	93,186	99,186	104,190	104,197	93,197	22
m	3	GlcNAc	186,186	208,186	208,208	186,208	186,186	197,197	22
m	4	GlcNAc	30,134	52,134	52,156	30,156	30,134	41,145	22
m	5	GlcNAc	134,134	156,134	156,156	134,156	134,134	145,145	22
m	6	Gal	52,93	52,99	47,104	41,104	34,104	30,99	30,93	30,86	34,82	41,82	47,82	52,86	52,93	41,93	22
m	7	Fuc	82,93	104,104	104,82	93,93	22
m	8	Gal	156,93	156,99	151,104	145,104	138,104	134,99	134,93	134,86	138,82	145,82	151,82	156,86	156,93	145,93	22
m	9	GlcNAc	134,30	156,30	156,52	134,52	134,30	145,41	22