l	2	3
l	3	4
l	4	5
l	4	6
l	5	7
l	6	9
l	7	8
l	9	10
m	10	Gal	52,263	52,269	47,274	41,274	34,274	30,269	30,263	30,256	34,252	41,252	47,252	52,256	52,263	41,263	22
m	2	GlcNAc	48,67	70,67	70,89	48,89	48,67	59,78	22
m	3	GlcNAc	48,104	70,104	70,126	48,126	48,104	59,115	22
m	4	Man	70,152	70,158	65,163	59,163	52,163	48,158	48,152	48,145	52,141	59,141	65,141	70,145	70,152	59,152	22
m	5	Man	89,189	89,195	84,200	78,200	71,200	67,195	67,189	67,182	71,178	78,178	84,178	89,182	89,189	78,189	22
m	6	Man	52,189	52,195	47,200	41,200	34,200	30,195	30,189	30,182	34,178	41,178	47,178	52,182	52,189	41,189	22
m	7	GlcNAc	67,215	89,215	89,237	67,237	67,215	78,226	22
m	8	Gal	89,263	89,269	84,274	78,274	71,274	67,269	67,263	67,256	71,252	78,252	84,252	89,256	89,263	78,263	22
m	9	GlcNAc	30,215	52,215	52,237	30,237	30,215	41,226	22