l	10	11
l	10	12
l	11	13
l	14	15
l	15	16
l	15	17
l	16	18
l	2	3
l	3	4
l	4	5
l	4	6
l	5	7
l	5	8
l	6	19
l	6	20
l	7	9
l	8	14
l	9	10
m	10	GlcNAc	238,394	260,394	260,416	238,416	238,394	249,405	22
m	11	Gal	260,457	260,463	255,468	249,468	242,468	238,463	238,457	238,450	242,446	249,446	255,446	260,450	260,457	249,457	22
m	12	Fuc	186,405	208,416	208,394	197,405	22
m	13	NeuGc	249,498	260,509	249,520	238,509	249,509	22
m	14	Gal	156,353	156,359	151,364	145,364	138,364	134,359	134,353	134,346	138,342	145,342	151,342	156,346	156,353	145,353	22
m	15	GlcNAc	134,394	156,394	156,416	134,416	134,394	145,405	22
m	16	Gal	156,457	156,463	151,468	145,468	138,468	134,463	134,457	134,450	138,446	145,446	151,446	156,450	156,457	145,457	22
m	17	Fuc	82,405	104,416	104,394	93,405	22
m	18	NeuGc	145,498	156,509	145,520	134,509	145,509	22
m	19	Man	104,301	104,307	99,312	93,312	86,312	82,307	82,301	82,294	86,290	93,290	99,290	104,294	104,301	93,301	22
m	2	GlcNAc	121,82	143,82	143,104	121,104	121,82	132,93	22
m	20	Man	52,301	52,307	47,312	41,312	34,312	30,307	30,301	30,294	34,290	41,290	47,290	52,294	52,301	41,301	22
m	3	GlcNAc	121,134	143,134	143,156	121,156	121,134	132,145	22
m	4	Man	143,197	143,203	138,208	132,208	125,208	121,203	121,197	121,190	125,186	132,186	138,186	143,190	143,197	132,197	22
m	5	Man	208,249	208,255	203,260	197,260	190,260	186,255	186,249	186,242	190,238	197,238	203,238	208,242	208,249	197,249	22
m	6	Man	78,249	78,255	73,260	67,260	60,260	56,255	56,249	56,242	60,238	67,238	73,238	78,242	78,249	67,249	22
m	7	GlcNAc	238,290	260,290	260,312	238,312	238,290	249,301	22
m	8	GlcNAc	134,290	156,290	156,312	134,312	134,290	145,301	22
m	9	Gal	260,353	260,359	255,364	249,364	242,364	238,359	238,353	238,346	242,342	249,342	255,342	260,346	260,353	249,353	22