0 0.8586206896551725 0.7836363636363637 0.1103448275862069 0.15272727272727274
0 0.7689655172413793 0.7363636363636363 0.2896551724137931 0.05818181818181818
0 0.8586206896551725 0.8781818181818182 0.1103448275862069 0.15272727272727274
0 0.5 0.6890909090909091 0.1103448275862069 0.15272727272727274
0 0.5 0.7836363636363637 0.1103448275862069 0.15272727272727274
0 0.4103448275862069 0.7363636363636363 0.2896551724137931 0.05818181818181818
0 0.5 0.8781818181818182 0.1103448275862069 0.15272727272727274
0 0.45517241379310347 0.21636363636363637 0.1103448275862069 0.15272727272727274
0 0.45517241379310347 0.3109090909090909 0.1103448275862069 0.15272727272727274
0 0.5655172413793104 0.40545454545454546 0.33448275862068966 0.15272727272727274
0 0.3413793103448276 0.40545454545454546 0.33448275862068966 0.15272727272727274
0 0.7689655172413793 0.5 0.2896551724137931 0.15272727272727274
0 0.5896551724137931 0.5 0.2896551724137931 0.15272727272727274
0 0.27586206896551724 0.5 0.2 0.15272727272727274
0 0.18620689655172415 0.5 0.2 0.15272727272727274
0 0.8586206896551725 0.5945454545454546 0.1103448275862069 0.15272727272727274
0 0.5 0.5945454545454546 0.1103448275862069 0.15272727272727274
0 0.8586206896551725 0.6890909090909091 0.1103448275862069 0.15272727272727274
