l	1	2
l	2	3
l	3	4
l	3	5
l	3	6
l	4	7
l	4	8
l	6	10
l	6	9
m	1	GlcNAc	178,85	200,85	200,107	178,107	178,85	189,96	22
m	10	GlcNAc	30,30	52,30	52,52	30,52	30,30	41,41	22
m	2	GlcNAc	141,85	163,85	163,107	141,107	141,85	152,96	22
m	3	Man	126,96	126,102	121,107	115,107	108,107	104,102	104,96	104,89	108,85	115,85	121,85	126,89	126,96	115,96	22
m	4	Man	89,133	89,139	84,144	78,144	71,144	67,139	67,133	67,126	71,122	78,122	84,122	89,126	89,133	78,133	22
m	5	GlcNAc	67,85	89,85	89,107	67,107	67,85	78,96	22
m	6	Man	89,59	89,65	84,70	78,70	71,70	67,65	67,59	67,52	71,48	78,48	84,48	89,52	89,59	78,59	22
m	7	GlcNAc	30,141	52,141	52,163	30,163	30,141	41,152	22
m	8	GlcNAc	30,104	52,104	52,126	30,126	30,104	41,115	22
m	9	GlcNAc	30,67	52,67	52,89	30,89	30,67	41,78	22