0 0.8412698412698413 0.15355805243445692 0.18253968253968253 0.1198501872659176
0 0.5978835978835979 0.6367041198501873 0.08465608465608465 0.25842696629213485
0 0.25396825396825395 0.49812734082397003 0.18253968253968253 0.1198501872659176
0 0.35185185185185186 0.49812734082397003 0.18253968253968253 0.1198501872659176
0 0.4497354497354497 0.39325842696629215 0.18253968253968253 0.3258426966292135
0 0.4497354497354497 0.602996254681648 0.18253968253968253 0.3295880149812734
0 0.5476190476190477 0.2209737827715356 0.18253968253968253 0.25842696629213485
0 0.5476190476190477 0.3595505617977528 0.18253968253968253 0.25842696629213485
0 0.5476190476190477 0.6367041198501873 0.18253968253968253 0.25842696629213485
0 0.5476190476190477 0.7752808988764045 0.18253968253968253 0.25842696629213485
0 0.5978835978835979 0.2209737827715356 0.08465608465608465 0.25842696629213485
0 0.6455026455026455 0.15355805243445692 0.18253968253968253 0.1198501872659176
0 0.7433862433862434 0.15355805243445692 0.18253968253968253 0.1198501872659176
