l	11	12
l	13	15
l	2	3
l	3	4
l	4	5
l	4	6
l	5	7
l	5	8
l	6	13
l	6	14
l	7	10
l	7	9
l	9	11
m	10	Fuc	226,67	237,89	215,89	226,78	22
m	11	NeuGc	300,30	311,41	300,52	289,41	300,41	22
m	12	NeuAc	337,30	348,41	337,52	326,41	337,41	22
m	13	GlcNAc	215,141	237,141	237,163	215,163	215,141	226,152	22
m	14	GlcNAc	215,215	237,215	237,237	215,237	215,215	226,226	22
m	15	Fuc	226,178	237,200	215,200	226,189	22
m	2	GlcNAc	67,122	89,122	89,144	67,144	67,122	78,133	22
m	3	GlcNAc	104,122	126,122	126,144	104,144	104,122	115,133	22
m	4	Man	163,133	163,139	158,144	152,144	145,144	141,139	141,133	141,126	145,122	152,122	158,122	163,126	163,133	152,133	22
m	5	Man	200,78	200,84	195,89	189,89	182,89	178,84	178,78	178,71	182,67	189,67	195,67	200,71	200,78	189,78	22
m	6	Man	200,189	200,195	195,200	189,200	182,200	178,195	178,189	178,182	182,178	189,178	195,178	200,182	200,189	189,189	22
m	7	GlcNAc	215,30	237,30	237,52	215,52	215,30	226,41	22
m	8	GlcNAc	215,104	237,104	237,126	215,126	215,104	226,115	22
m	9	Gal	274,41	274,47	269,52	263,52	256,52	252,47	252,41	252,34	256,30	263,30	269,30	274,34	274,41	263,41	22