l	12	14
l	13	16
l	14	15
l	16	17
l	2	3
l	3	4
l	4	5
l	4	6
l	5	7
l	5	8
l	6	12
l	6	13
l	7	9
l	8	11
l	9	10
m	10	NeuGc	197,394	208,405	197,416	186,405	197,405	22
m	11	Gal	156,353	156,359	151,364	145,364	138,364	134,359	134,353	134,346	138,342	145,342	151,342	156,346	156,353	145,353	22
m	12	GlcNAc	82,290	104,290	104,312	82,312	82,290	93,301	22
m	13	GlcNAc	30,290	52,290	52,312	30,312	30,290	41,301	22
m	14	Gal	104,353	104,359	99,364	93,364	86,364	82,359	82,353	82,346	86,342	93,342	99,342	104,346	104,353	93,353	22
m	15	NeuGc	93,394	104,405	93,416	82,405	93,405	22
m	16	Gal	52,353	52,359	47,364	41,364	34,364	30,359	30,353	30,346	34,342	41,342	47,342	52,346	52,353	41,353	22
m	17	NeuAc	41,394	52,405	41,416	30,405	41,405	22
m	2	GlcNAc	108,82	130,82	130,104	108,104	108,82	119,93	22
m	3	GlcNAc	108,134	130,134	130,156	108,156	108,134	119,145	22
m	4	Man	130,197	130,203	125,208	119,208	112,208	108,203	108,197	108,190	112,186	119,186	125,186	130,190	130,197	119,197	22
m	5	Man	182,249	182,255	177,260	171,260	164,260	160,255	160,249	160,242	164,238	171,238	177,238	182,242	182,249	171,249	22
m	6	Man	78,249	78,255	73,260	67,260	60,260	56,255	56,249	56,242	60,238	67,238	73,238	78,242	78,249	67,249	22
m	7	GlcNAc	186,290	208,290	208,312	186,312	186,290	197,301	22
m	8	GlcNAc	134,290	156,290	156,312	134,312	134,290	145,301	22
m	9	Gal	208,353	208,359	203,364	197,364	190,364	186,359	186,353	186,346	190,342	197,342	203,342	208,346	208,353	197,353	22