0 0.7155425219941349 0.6554621848739496 0.20234604105571846 0.2689075630252101
0 0.8240469208211144 0.6554621848739496 0.20234604105571846 0.2689075630252101
0 0.28152492668621704 0.4957983193277311 0.20234604105571846 0.2689075630252101
0 0.39002932551319647 0.4957983193277311 0.20234604105571846 0.2689075630252101
0 0.49853372434017595 0.42016806722689076 0.20234604105571846 0.42016806722689076
0 0.49853372434017595 0.5714285714285714 0.20234604105571846 0.42857142857142855
0 0.6070381231671554 0.3445378151260504 0.20234604105571846 0.2689075630252101
0 0.6070381231671554 0.6554621848739496 0.20234604105571846 0.2689075630252101
0 0.7155425219941349 0.3445378151260504 0.20234604105571846 0.2689075630252101
0 0.8240469208211144 0.3445378151260504 0.20234604105571846 0.2689075630252101
