0 0.5692883895131086 0.8240469208211144 0.1198501872659176 0.20234604105571846
0 0.4307116104868914 0.7155425219941349 0.1198501872659176 0.20234604105571846
0 0.2209737827715356 0.6627565982404692 0.25842696629213485 0.093841642228739
0 0.15355805243445692 0.7155425219941349 0.1198501872659176 0.20234604105571846
0 0.4307116104868914 0.8240469208211144 0.1198501872659176 0.20234604105571846
0 0.15355805243445692 0.8240469208211144 0.1198501872659176 0.20234604105571846
0 0.49812734082397003 0.28152492668621704 0.1198501872659176 0.20234604105571846
0 0.49812734082397003 0.39002932551319647 0.1198501872659176 0.20234604105571846
0 0.602996254681648 0.49853372434017595 0.3295880149812734 0.20234604105571846
0 0.39325842696629215 0.49853372434017595 0.3258426966292135 0.20234604105571846
0 0.7752808988764045 0.6070381231671554 0.25842696629213485 0.20234604105571846
0 0.6367041198501873 0.6070381231671554 0.25842696629213485 0.20234604105571846
0 0.3595505617977528 0.6070381231671554 0.25842696629213485 0.20234604105571846
0 0.2209737827715356 0.6070381231671554 0.25842696629213485 0.20234604105571846
0 0.846441947565543 0.7155425219941349 0.1198501872659176 0.20234604105571846
0 0.6367041198501873 0.6627565982404692 0.25842696629213485 0.093841642228739
0 0.5692883895131086 0.7155425219941349 0.1198501872659176 0.20234604105571846
0 0.846441947565543 0.8240469208211144 0.1198501872659176 0.20234604105571846
