l	12	13
l	14	16
l	15	18
l	15	19
l	16	17
l	19	20
l	2	3
l	3	4
l	4	5
l	4	6
l	5	7
l	5	8
l	6	14
l	6	15
l	7	9
l	8	11
l	8	12
l	9	10
m	10	NeuAc	226,289	237,300	226,311	215,300	226,300	22
m	11	Fuc	178,226	200,237	200,215	189,226	22
m	12	Gal	163,263	163,269	158,274	152,274	145,274	141,269	141,263	141,256	145,252	152,252	158,252	163,256	163,263	152,263	22
m	13	NeuAc	152,289	163,300	152,311	141,300	152,300	22
m	14	GlcNAc	104,215	126,215	126,237	104,237	104,215	115,226	22
m	15	GlcNAc	30,215	52,215	52,237	30,237	30,215	41,226	22
m	16	Gal	126,263	126,269	121,274	115,274	108,274	104,269	104,263	104,256	108,252	115,252	121,252	126,256	126,263	115,263	22
m	17	NeuAc	115,289	126,300	115,311	104,300	115,300	22
m	18	Fuc	67,226	89,237	89,215	78,226	22
m	19	Gal	52,263	52,269	47,274	41,274	34,274	30,269	30,263	30,256	34,252	41,252	47,252	52,256	52,263	41,263	22
m	2	GlcNAc	122,67	144,67	144,89	122,89	122,67	133,78	22
m	20	NeuAc	41,289	52,300	41,311	30,300	41,300	22
m	3	GlcNAc	122,104	144,104	144,126	122,126	122,104	133,115	22
m	4	Man	144,152	144,158	139,163	133,163	126,163	122,158	122,152	122,145	126,141	133,141	139,141	144,145	144,152	133,152	22
m	5	Man	200,189	200,195	195,200	189,200	182,200	178,195	178,189	178,182	182,178	189,178	195,178	200,182	200,189	189,189	22
m	6	Man	89,189	89,195	84,200	78,200	71,200	67,195	67,189	67,182	71,178	78,178	84,178	89,182	89,189	78,189	22
m	7	GlcNAc	215,215	237,215	237,237	215,237	215,215	226,226	22
m	8	GlcNAc	141,215	163,215	163,237	141,237	141,215	152,226	22
m	9	Gal	237,263	237,269	232,274	226,274	219,274	215,269	215,263	215,256	219,252	226,252	232,252	237,256	237,263	226,263	22