l	10	12
l	11	13
l	2	3
l	2	4
l	3	5
l	5	6
l	5	7
l	6	8
l	7	10
l	7	11
l	8	9
m	10	GlcNAc	67,215	89,215	89,237	67,237	67,215	78,226	22
m	11	GlcNAc	30,215	52,215	52,237	30,237	30,215	41,226	22
m	12	Gal	89,263	89,269	84,274	78,274	71,274	67,269	67,263	67,256	71,252	78,252	84,252	89,256	89,263	78,263	22
m	13	Gal	52,263	52,269	47,274	41,274	34,274	30,269	30,263	30,256	34,252	41,252	47,252	52,256	52,263	41,263	22
m	2	GlcNAc	76,67	98,67	98,89	76,89	76,67	87,78	22
m	3	GlcNAc	76,104	98,104	98,126	76,126	76,104	87,115	22
m	4	Fuc	61,78	39,89	39,67	50,78	22
m	5	Man	98,152	98,158	93,163	87,163	80,163	76,158	76,152	76,145	80,141	87,141	93,141	98,145	98,152	87,152	22
m	6	Man	126,189	126,195	121,200	115,200	108,200	104,195	104,189	104,182	108,178	115,178	121,178	126,182	126,189	115,189	22
m	7	Man	70,189	70,195	65,200	59,200	52,200	48,195	48,189	48,182	52,178	59,178	65,178	70,182	70,189	59,189	22
m	8	GlcNAc	104,215	126,215	126,237	104,237	104,215	115,226	22
m	9	Gal	126,263	126,269	121,274	115,274	108,274	104,269	104,263	104,256	108,252	115,252	121,252	126,256	126,263	115,263	22