0 0.5 0.8026315789473685 0.20512820512820512 0.22697368421052633
0 0.26282051282051283 0.8026315789473685 0.20512820512820512 0.22697368421052633
0 0.5576923076923077 0.3157894736842105 0.20512820512820512 0.22697368421052633
0 0.4358974358974359 0.2565789473684211 0.4423076923076923 0.10526315789473684
0 0.5576923076923077 0.4375 0.20512820512820512 0.22697368421052633
0 0.6474358974358975 0.5592105263157895 0.38461538461538464 0.22697368421052633
0 0.46794871794871795 0.5592105263157895 0.38461538461538464 0.22697368421052633
0 0.7371794871794872 0.680921052631579 0.20512820512820512 0.22697368421052633
0 0.4358974358974359 0.680921052631579 0.3269230769230769 0.22697368421052633
0 0.32051282051282054 0.680921052631579 0.32051282051282054 0.22697368421052633
0 0.7371794871794872 0.8026315789473685 0.20512820512820512 0.22697368421052633
